Tiempos de ejecución para 640x640, 10 procesos MPI, 16 hilos OMP, 10 ns
Iteración | Serie | OMP Columnas | OMP Filas | OMP Bloques | MPI Columnas | MPI Filas | MPI Bloques | MPI+OMP Columnas | MPI+OMP Filas | MPI+OMP Bloques
1 | 20.843316 | 10.452875 | 10.458411 | 9.869686 | 4.656615 | 4.377023 | 4.845489 | 2.785166 | 2.827237 | 3.193396
2 | 20.976201 | 9.623370 | 10.346147 | 10.918037 | 4.565195 | 5.627181 | 4.565133 | 2.800034 | 3.293390 | 3.159886
3 | 21.096730 | 10.090413 | 10.098745 | 10.322028 | 4.706161 | 5.422721 | 5.016485 | 3.068263 | 3.425411 | 2.795029
4 | 21.119946 | 10.325759 | 9.854925 | 10.034812 | 5.167686 | 4.982306 | 5.501439 | 3.361514 | 3.123114 | 2.809557
5 | 21.731316 | 10.262193 | 9.632856 | 10.227072 | 4.275865 | 4.337871 | 4.522017 | 3.153314 | 2.835209 | 2.999891
6 | 33.296402 | 10.290758 | 10.170516 | 10.867617 | 4.347045 | 5.153644 | 5.208226 | 2.743443 | 2.864634 | 3.207858
7 | 33.191182 | 10.621751 | 11.176785 | 10.977066 | 4.481077 | 5.261906 | 5.625092 | 2.796747 | 2.975683 | 3.454005
8 | 20.552296 | 10.083643 | 9.388833 | 10.023776 | 4.785090 | 4.445495 | 3.937496 | 2.825857 | 3.254381 | 3.485653
9 | 32.925077 | 10.370922 | 9.618779 | 10.316450 | 4.207131 | 5.004222 | 5.258485 | 2.721910 | 3.066848 | 3.429500
10 | 33.111743 | 11.151579 | 10.560373 | 10.634109 | 4.720432 | 4.964249 | 5.437326 | 2.925433 | 3.350947 | 3.169826
