Tiempos de ejecución para 80x80, 2 procesos MPI, 16 hilos OMP, 10 ns
Iteración | Serie | OMP Columnas | OMP Filas | OMP Bloques | MPI Columnas | MPI Filas | MPI Bloques | MPI+OMP Columnas | MPI+OMP Filas | MPI+OMP Bloques
1 | 0.226241 | 0.216545 | 0.216444 | 0.217967 | 0.110853 | 0.124169 | 0.124172 | 0.113310 | 0.122734 | 0.122198
2 | 0.233834 | 0.225268 | 0.224677 | 0.224688 | 0.116777 | 0.131909 | 0.129984 | 0.116785 | 0.126363 | 0.126095
3 | 0.229964 | 0.224042 | 0.224212 | 0.224657 | 0.115672 | 0.130059 | 0.129674 | 0.116609 | 0.125679 | 0.125151
4 | 0.230500 | 0.224268 | 0.223671 | 0.223301 | 0.115632 | 0.129790 | 0.130094 | 0.116912 | 0.126160 | 0.125722
5 | 0.230785 | 0.223953 | 0.222800 | 0.224076 | 0.115881 | 0.129838 | 0.129135 | 0.116411 | 0.125323 | 0.125183
6 | 0.227549 | 0.224067 | 0.224589 | 0.223461 | 0.115803 | 0.130195 | 0.128196 | 0.116937 | 0.126049 | 0.125267
7 | 0.229137 | 0.224994 | 0.225479 | 0.224151 | 0.115563 | 0.130103 | 0.129972 | 0.116311 | 0.126260 | 0.123160
8 | 0.230459 | 0.223863 | 0.225430 | 0.224775 | 0.115731 | 0.129662 | 0.129314 | 0.116816 | 0.125245 | 0.124910
9 | 0.232113 | 0.224114 | 0.224724 | 0.224196 | 0.115925 | 0.130612 | 0.129075 | 0.117030 | 0.125483 | 0.125876
10 | 0.230712 | 0.223489 | 0.224256 | 0.224611 | 0.115923 | 0.130381 | 0.128349 | 0.116259 | 0.126044 | 0.125654
