Tiempos de ejecución para 80x80, 2 procesos MPI, 2 hilos OMP, 50 ns
Iteración | Serie | OMP Columnas | OMP Filas | OMP Bloques | MPI Columnas | MPI Filas | MPI Bloques | MPI+OMP Columnas | MPI+OMP Filas | MPI+OMP Bloques
1 | 1.189592 | 1.167543 | 1.174670 | 1.148643 | 0.592263 | 0.658849 | 0.657735 | 0.581416 | 0.655639 | 0.674168
2 | 1.199783 | 1.176396 | 1.166664 | 1.158662 | 0.606693 | 0.671271 | 0.660940 | 0.589773 | 0.655262 | 0.668959
3 | 1.189240 | 1.150992 | 1.171453 | 1.160208 | 0.595273 | 0.658333 | 0.656096 | 0.573097 | 0.644546 | 0.650385
4 | 1.190457 | 1.167769 | 1.170510 | 1.150787 | 0.610654 | 0.676571 | 0.667271 | 0.587337 | 0.656616 | 0.646554
5 | 1.195205 | 1.141237 | 1.142355 | 1.148384 | 0.591411 | 0.655254 | 0.656635 | 0.574568 | 0.638326 | 0.635390
6 | 1.173002 | 1.129226 | 1.137117 | 1.139565 | 0.589178 | 0.656842 | 0.655981 | 0.572978 | 0.636239 | 0.636788
7 | 1.181633 | 1.131299 | 1.134562 | 1.128014 | 0.580083 | 0.650214 | 0.661306 | 0.565967 | 0.635265 | 0.631247
8 | 1.170191 | 1.125529 | 1.131565 | 1.126969 | 0.589057 | 0.651576 | 0.653652 | 0.567799 | 0.633520 | 0.630382
9 | 1.169508 | 1.125211 | 1.128028 | 1.124464 | 0.588821 | 0.651860 | 0.655552 | 0.567899 | 0.628940 | 0.629608
10 | 1.168015 | 1.127482 | 1.131977 | 1.125526 | 0.587675 | 0.650908 | 0.653336 | 0.566553 | 0.629895 | 0.630767
