Tiempos de ejecución para 80x80, 10 procesos MPI, 16 hilos OMP, 50 ns
Iteración | Serie | OMP Columnas | OMP Filas | OMP Bloques | MPI Columnas | MPI Filas | MPI Bloques | MPI+OMP Columnas | MPI+OMP Filas | MPI+OMP Bloques
1 | 1.547103 | 0.738956 | 0.734502 | 0.752045 | 0.368423 | 0.400119 | 0.417663 | 0.250688 | 0.237355 | 0.242096
2 | 2.497048 | 0.803452 | 0.801988 | 0.755861 | 0.331746 | 0.301416 | 0.330002 | 0.243130 | 0.236165 | 0.242170
3 | 2.471265 | 0.810344 | 0.815374 | 0.831186 | 0.355812 | 0.388522 | 0.405312 | 0.228878 | 0.228399 | 0.219481
4 | 2.440757 | 0.807751 | 0.805778 | 0.754935 | 0.347839 | 0.376825 | 0.386528 | 0.261042 | 0.241155 | 0.238626
5 | 1.586877 | 0.746425 | 0.747540 | 0.758974 | 0.364960 | 0.394658 | 0.363917 | 0.264167 | 0.232485 | 0.227069
6 | 2.492240 | 0.714785 | 0.767163 | 0.805317 | 0.337825 | 0.328739 | 0.338440 | 0.235867 | 0.234345 | 0.217164
7 | 1.515803 | 0.732889 | 0.740392 | 0.759406 | 0.333520 | 0.302316 | 0.277697 | 0.229094 | 0.234468 | 0.237234
8 | 1.539945 | 0.817573 | 0.742689 | 0.845520 | 0.355848 | 0.383082 | 0.345496 | 0.234943 | 0.234670 | 0.244301
9 | 1.595654 | 0.740885 | 0.734454 | 0.803124 | 0.329063 | 0.380092 | 0.414783 | 0.215238 | 0.237345 | 0.224457
10 | 1.562747 | 0.745433 | 0.747855 | 0.775977 | 0.369223 | 0.398578 | 0.401535 | 0.233880 | 0.227646 | 0.229808
