Tiempos de ejecución para 640x640, 2 procesos MPI, 16 hilos OMP, 10 ns
Iteración | Serie | OMP Columnas | OMP Filas | OMP Bloques | MPI Columnas | MPI Filas | MPI Bloques | MPI+OMP Columnas | MPI+OMP Filas | MPI+OMP Bloques
1 | 14.899847 | 14.416680 | 14.408915 | 14.417281 | 7.497674 | 8.347910 | 8.371066 | 7.276549 | 8.065533 | 8.051296
2 | 14.756365 | 14.413779 | 14.409322 | 14.391547 | 7.500086 | 8.310643 | 8.347099 | 7.281585 | 8.025623 | 8.044190
3 | 14.919756 | 14.432664 | 14.400599 | 14.397299 | 7.490824 | 8.354658 | 8.347967 | 7.274714 | 8.047265 | 8.037001
4 | 14.933745 | 14.419285 | 14.370999 | 14.348666 | 7.504832 | 8.362424 | 8.352301 | 7.287597 | 8.049572 | 8.057653
5 | 14.894787 | 14.426277 | 14.434999 | 14.408584 | 7.494993 | 8.173232 | 8.244425 | 7.274468 | 8.026221 | 8.057323
6 | 15.087905 | 14.471006 | 14.456526 | 14.468874 | 7.482484 | 8.446453 | 8.393424 | 7.274759 | 8.089005 | 8.066384
7 | 14.908553 | 14.424332 | 14.424885 | 14.361999 | 7.489337 | 8.351704 | 8.357681 | 7.267331 | 8.061564 | 8.055140
8 | 14.909640 | 14.410756 | 14.397594 | 14.413039 | 7.509482 | 8.352676 | 8.348809 | 7.269237 | 8.066070 | 8.047287
9 | 14.897814 | 14.415875 | 14.385567 | 14.374219 | 7.491006 | 8.351193 | 8.371139 | 7.290496 | 8.047674 | 8.055902
10 | 14.904235 | 14.403610 | 14.421195 | 14.398414 | 7.439500 | 8.352953 | 8.355869 | 7.264228 | 8.036199 | 8.035277
