Tiempos de ejecución para 640x640, 2 procesos MPI, 2 hilos OMP, 10 ns
Iteración | Serie | OMP Columnas | OMP Filas | OMP Bloques | MPI Columnas | MPI Filas | MPI Bloques | MPI+OMP Columnas | MPI+OMP Filas | MPI+OMP Bloques
1 | 15.767255 | 15.121033 | 14.866164 | 14.637450 | 7.543895 | 8.390078 | 8.402551 | 7.354342 | 8.164881 | 8.125085
2 | 14.970196 | 14.455288 | 14.481797 | 14.381123 | 7.495633 | 8.359970 | 8.387806 | 7.265490 | 8.072986 | 8.062980
3 | 15.114412 | 14.462271 | 14.534668 | 14.467808 | 7.497045 | 8.453493 | 8.488244 | 7.242521 | 8.066454 | 8.060150
4 | 14.926438 | 14.400508 | 14.460424 | 14.377915 | 7.492505 | 8.346799 | 8.357808 | 7.250041 | 8.041020 | 8.038413
5 | 14.918671 | 14.403153 | 14.470982 | 14.373174 | 7.489741 | 8.349647 | 8.356652 | 7.240658 | 8.057573 | 8.039673
6 | 14.866611 | 14.402707 | 14.477691 | 14.357578 | 7.511488 | 8.351358 | 8.363121 | 7.249444 | 8.063248 | 8.049193
7 | 14.890376 | 14.399042 | 14.462266 | 14.390544 | 7.506223 | 8.335731 | 8.329544 | 7.257210 | 8.054019 | 8.040718
8 | 14.965108 | 14.396845 | 14.477202 | 14.383722 | 7.491372 | 8.364591 | 8.347399 | 7.247034 | 8.036373 | 8.036324
9 | 14.880663 | 14.409501 | 14.479019 | 14.370109 | 7.480331 | 8.338401 | 8.323090 | 7.202664 | 8.004196 | 7.996534
10 | 14.865796 | 14.390155 | 14.443366 | 14.377515 | 7.480511 | 8.338922 | 8.339741 | 7.241805 | 8.042913 | 8.024767
