Tiempos de ejecución para 640x640, 2 procesos MPI, 2 hilos OMP, 50 ns
Iteración | Serie | OMP Columnas | OMP Filas | OMP Bloques | MPI Columnas | MPI Filas | MPI Bloques | MPI+OMP Columnas | MPI+OMP Filas | MPI+OMP Bloques
1 | 76.785862 | 73.054471 | 72.994230 | 72.232302 | 37.675915 | 41.881595 | 41.841039 | 36.447087 | 40.419156 | 40.341887
2 | 74.703811 | 71.956029 | 72.124948 | 71.919829 | 37.558906 | 41.841767 | 41.773287 | 36.255606 | 40.311852 | 40.218532
3 | 74.449715 | 71.942699 | 72.366956 | 71.950411 | 37.554742 | 41.744024 | 41.693160 | 36.195416 | 40.190343 | 40.217418
4 | 74.792875 | 72.060991 | 72.239549 | 71.940507 | 37.508862 | 41.748158 | 41.861973 | 36.225376 | 40.225045 | 40.211399
5 | 74.415222 | 71.994434 | 72.350204 | 71.886601 | 37.495818 | 41.733002 | 41.716753 | 36.169309 | 40.248036 | 40.248661
6 | 74.491490 | 72.026975 | 72.319574 | 71.831343 | 37.483393 | 41.686265 | 41.656033 | 36.144806 | 40.194694 | 40.213961
7 | 74.534190 | 72.052959 | 72.392304 | 71.892743 | 37.499010 | 41.707225 | 41.730003 | 36.201676 | 40.225661 | 40.249987
8 | 74.399720 | 71.938799 | 72.194356 | 71.791481 | 37.314234 | 41.710813 | 41.744220 | 36.233163 | 40.493431 | 41.055825
9 | 74.872022 | 71.974609 | 72.093198 | 71.654222 | 37.376129 | 41.640793 | 41.655675 | 36.239280 | 40.220800 | 40.198461
10 | 73.888003 | 71.761034 | 72.040695 | 71.613275 | 37.367195 | 41.586209 | 41.616580 | 36.215152 | 39.915749 | 40.064921
