Tiempos de ejecución para 640x640, 10 procesos MPI, 8 hilos OMP, 10 ns
Iteración | Serie | OMP Columnas | OMP Filas | OMP Bloques | MPI Columnas | MPI Filas | MPI Bloques | MPI+OMP Columnas | MPI+OMP Filas | MPI+OMP Bloques
1 | 32.934426 | 10.223711 | 10.350887 | 10.578079 | 4.188149 | 5.423413 | 5.227237 | 2.810412 | 2.869919 | 3.422426
2 | 33.374643 | 9.982615 | 10.140488 | 10.678427 | 4.300975 | 5.262389 | 5.009737 | 2.971581 | 3.471689 | 2.984923
3 | 21.081301 | 10.393625 | 9.843509 | 10.478645 | 4.359908 | 5.523742 | 5.256894 | 3.011434 | 3.348510 | 2.952032
4 | 33.053554 | 10.260601 | 10.266435 | 10.428911 | 4.300314 | 4.422096 | 4.242111 | 2.655928 | 3.160157 | 3.386143
5 | 20.952633 | 11.158015 | 10.396763 | 10.142758 | 5.132567 | 4.945653 | 5.558600 | 3.305892 | 3.057285 | 2.916062
6 | 21.716260 | 10.027410 | 9.987958 | 10.851031 | 3.849350 | 4.170202 | 4.305361 | 3.249326 | 3.294749 | 2.873701
7 | 21.378737 | 9.956648 | 10.238398 | 10.584556 | 4.315169 | 5.011559 | 5.407039 | 2.840505 | 2.918124 | 3.159909
8 | 21.414842 | 9.805592 | 10.610666 | 10.956466 | 4.271581 | 5.570017 | 5.496598 | 2.754302 | 2.988838 | 3.376551
9 | 20.590711 | 10.616607 | 10.417853 | 9.757993 | 4.840171 | 5.132977 | 5.761837 | 3.157245 | 2.846961 | 2.837058
10 | 32.895716 | 10.405606 | 11.080170 | 10.910138 | 3.859978 | 4.065684 | 4.645696 | 3.273616 | 2.983568 | 2.987181
