Tiempos de ejecución para 80x80, 10 procesos MPI, 2 hilos OMP, 50 ns
Iteración | Serie | OMP Columnas | OMP Filas | OMP Bloques | MPI Columnas | MPI Filas | MPI Bloques | MPI+OMP Columnas | MPI+OMP Filas | MPI+OMP Bloques
1 | 2.385993 | 1.401826 | 1.551198 | 1.420334 | 0.333899 | 0.326600 | 0.299622 | 0.254499 | 0.228718 | 0.290117
2 | 2.435164 | 1.471520 | 1.584267 | 1.473240 | 0.334862 | 0.319376 | 0.338580 | 0.284415 | 0.242917 | 0.235087
3 | 2.497544 | 1.532046 | 1.666288 | 1.494453 | 0.348658 | 0.368367 | 0.405494 | 0.268008 | 0.249770 | 0.272266
4 | 2.464269 | 1.478336 | 1.551932 | 1.492951 | 0.295919 | 0.316670 | 0.310183 | 0.245290 | 0.258551 | 0.247418
5 | 2.464026 | 1.450898 | 1.288400 | 1.140166 | 0.353160 | 0.378893 | 0.404072 | 0.280623 | 0.297164 | 0.263810
6 | 1.579143 | 1.507854 | 1.514865 | 1.503423 | 0.336193 | 0.380404 | 0.410889 | 0.264064 | 0.264966 | 0.275557
7 | 1.577746 | 1.477953 | 1.466964 | 1.460427 | 0.337149 | 0.370739 | 0.384785 | 0.254308 | 0.256729 | 0.248904
8 | 1.552462 | 1.464590 | 1.486648 | 1.508898 | 0.364925 | 0.389358 | 0.418038 | 0.262352 | 0.285481 | 0.288095
9 | 2.519937 | 1.491094 | 1.483094 | 1.474858 | 0.354036 | 0.377675 | 0.384655 | 0.249672 | 0.253203 | 0.250403
10 | 1.535975 | 1.480789 | 1.502351 | 1.511327 | 0.353660 | 0.373714 | 0.410262 | 0.269245 | 0.267632 | 0.279013
