Tiempos de ejecución para 80x80, 4 procesos MPI, 16 hilos OMP, 10 ns
Iteración | Serie | OMP Columnas | OMP Filas | OMP Bloques | MPI Columnas | MPI Filas | MPI Bloques | MPI+OMP Columnas | MPI+OMP Filas | MPI+OMP Bloques
1 | 0.247791 | 0.144522 | 0.154896 | 0.148961 | 0.067839 | 0.077505 | 0.074856 | 0.047020 | 0.050202 | 0.042828
2 | 0.246062 | 0.138683 | 0.160754 | 0.161994 | 0.068868 | 0.079262 | 0.076052 | 0.044880 | 0.046579 | 0.040938
3 | 0.241091 | 0.143478 | 0.154309 | 0.162851 | 0.068707 | 0.079953 | 0.076483 | 0.044708 | 0.046700 | 0.045049
4 | 0.239575 | 0.152792 | 0.150310 | 0.137272 | 0.071516 | 0.079779 | 0.076503 | 0.044796 | 0.045471 | 0.044651
5 | 0.246664 | 0.143279 | 0.138852 | 0.152096 | 0.068781 | 0.081203 | 0.077891 | 0.047570 | 0.047983 | 0.045915
6 | 0.244919 | 0.148759 | 0.152594 | 0.155802 | 0.069148 | 0.080212 | 0.076927 | 0.048856 | 0.047431 | 0.045728
7 | 0.246916 | 0.158338 | 0.155592 | 0.148379 | 0.069118 | 0.078192 | 0.075456 | 0.044144 | 0.045294 | 0.046553
8 | 0.252319 | 0.144660 | 0.153605 | 0.155898 | 0.069793 | 0.079785 | 0.076856 | 0.046360 | 0.049648 | 0.049140
9 | 0.244375 | 0.145358 | 0.159537 | 0.163679 | 0.070343 | 0.081477 | 0.078761 | 0.045215 | 0.050533 | 0.045724
10 | 0.240920 | 0.146080 | 0.149928 | 0.162882 | 0.067877 | 0.079621 | 0.078068 | 0.045090 | 0.046856 | 0.041768
