Tiempos de ejecución para 640x640, 4 procesos MPI, 2 hilos OMP, 10 ns
Iteración | Serie | OMP Columnas | OMP Filas | OMP Bloques | MPI Columnas | MPI Filas | MPI Bloques | MPI+OMP Columnas | MPI+OMP Filas | MPI+OMP Bloques
1 | 16.364386 | 9.154068 | 10.062157 | 9.179595 | 4.666343 | 5.374762 | 5.121976 | 3.424991 | 3.500101 | 3.666651
2 | 17.687552 | 9.406080 | 10.649036 | 9.959405 | 4.802864 | 5.391898 | 5.146866 | 3.204760 | 3.238872 | 3.315204
3 | 17.951884 | 10.028898 | 11.141424 | 10.100774 | 4.864246 | 5.518460 | 5.271478 | 3.295895 | 3.260669 | 3.330574
4 | 17.777721 | 9.870956 | 10.848502 | 9.802129 | 4.824340 | 5.584017 | 5.269843 | 3.394027 | 3.318963 | 3.316475
5 | 18.144583 | 10.095194 | 11.087330 | 10.061203 | 4.906529 | 5.517517 | 5.317207 | 2.980853 | 3.460455 | 3.093058
6 | 17.906168 | 10.040490 | 10.699971 | 9.768303 | 4.879074 | 5.702461 | 5.363023 | 3.047974 | 3.438026 | 3.221049
7 | 18.077363 | 10.053192 | 10.944977 | 9.919206 | 4.869596 | 5.578779 | 5.294355 | 3.380439 | 3.290293 | 3.692176
8 | 18.036056 | 9.978315 | 11.213047 | 10.036546 | 4.872499 | 5.584024 | 5.313426 | 3.590712 | 3.652456 | 3.310104
9 | 17.889212 | 10.145113 | 11.186993 | 9.892363 | 4.908109 | 5.603494 | 5.339112 | 3.103420 | 3.589865 | 3.219379
10 | 17.970391 | 10.308029 | 11.385394 | 10.353487 | 4.985603 | 5.596115 | 5.335112 | 3.005381 | 3.439398 | 3.333097
