Tiempos de ejecución para 80x80, 2 procesos MPI, 8 hilos OMP, 50 ns
Iteración | Serie | OMP Columnas | OMP Filas | OMP Bloques | MPI Columnas | MPI Filas | MPI Bloques | MPI+OMP Columnas | MPI+OMP Filas | MPI+OMP Bloques
1 | 1.170618 | 1.126766 | 1.127632 | 1.125578 | 0.586852 | 0.654850 | 0.653781 | 0.567932 | 0.628891 | 0.630380
2 | 1.170240 | 1.130995 | 1.129586 | 1.126920 | 0.586351 | 0.653509 | 0.652585 | 0.568906 | 0.632834 | 0.631051
3 | 1.185637 | 1.132488 | 1.132614 | 1.133221 | 0.586878 | 0.663981 | 0.662594 | 0.568036 | 0.636293 | 0.631909
4 | 1.170394 | 1.125141 | 1.125815 | 1.123425 | 0.588640 | 0.653640 | 0.656560 | 0.568095 | 0.632100 | 0.628766
5 | 1.168880 | 1.126360 | 1.126136 | 1.124030 | 0.587203 | 0.653143 | 0.652450 | 0.569097 | 0.629508 | 0.626293
6 | 1.164020 | 1.126173 | 1.126887 | 1.125791 | 0.586518 | 0.650678 | 0.652259 | 0.566980 | 0.633002 | 0.630367
7 | 1.169034 | 1.127047 | 1.127852 | 1.126016 | 0.586521 | 0.651214 | 0.653514 | 0.568797 | 0.628039 | 0.629037
8 | 1.167580 | 1.127976 | 1.126253 | 1.129545 | 0.586796 | 0.652403 | 0.652083 | 0.569996 | 0.631133 | 0.626767
9 | 1.168295 | 1.124524 | 1.128081 | 1.129993 | 0.586953 | 0.652040 | 0.651922 | 0.567532 | 0.632456 | 0.629127
10 | 1.168078 | 1.124709 | 1.123804 | 1.123971 | 0.586435 | 0.651437 | 0.653047 | 0.569608 | 0.631536 | 0.627923
