Tiempos de ejecución para 640x640, 2 procesos MPI, 8 hilos OMP, 10 ns
Iteración | Serie | OMP Columnas | OMP Filas | OMP Bloques | MPI Columnas | MPI Filas | MPI Bloques | MPI+OMP Columnas | MPI+OMP Filas | MPI+OMP Bloques
1 | 14.914102 | 14.403916 | 14.394237 | 14.385714 | 7.493329 | 8.348596 | 8.359008 | 7.256848 | 8.043566 | 8.032834
2 | 14.915606 | 14.400162 | 14.407934 | 14.411294 | 7.520354 | 8.345740 | 8.354310 | 7.261576 | 8.043051 | 8.047081
3 | 14.875776 | 14.412387 | 14.416018 | 14.404384 | 7.501575 | 8.346748 | 8.348851 | 7.255685 | 8.019289 | 8.027057
4 | 14.910584 | 14.339043 | 14.307309 | 14.366746 | 7.496498 | 8.341089 | 8.344068 | 7.252801 | 8.052364 | 8.040104
5 | 14.895806 | 14.284826 | 14.333789 | 14.393068 | 7.482980 | 8.334118 | 8.339177 | 7.276323 | 8.056476 | 8.050847
6 | 14.903095 | 14.399814 | 14.422407 | 14.399127 | 7.490963 | 8.340315 | 8.276025 | 7.268436 | 8.057478 | 8.042167
7 | 14.891947 | 14.418566 | 14.411731 | 14.395026 | 7.494936 | 8.340995 | 8.361277 | 7.264259 | 8.060836 | 8.060008
8 | 14.850841 | 14.421284 | 14.418596 | 14.389030 | 7.493543 | 8.348152 | 8.357130 | 7.245370 | 8.004086 | 8.048380
9 | 14.863069 | 14.404169 | 14.415480 | 14.393290 | 7.492831 | 8.347434 | 8.349138 | 7.257083 | 8.057565 | 8.039945
10 | 14.913527 | 14.416811 | 14.407818 | 14.393370 | 7.482990 | 8.346792 | 8.347885 | 7.261146 | 8.062355 | 8.058015
