Tiempos de ejecución para 80x80, 10 procesos MPI, 8 hilos OMP, 50 ns
Iteración | Serie | OMP Columnas | OMP Filas | OMP Bloques | MPI Columnas | MPI Filas | MPI Bloques | MPI+OMP Columnas | MPI+OMP Filas | MPI+OMP Bloques
1 | 1.581933 | 0.750278 | 0.805632 | 0.834144 | 0.354733 | 0.380804 | 0.339616 | 0.225072 | 0.222688 | 0.246042
2 | 1.514957 | 0.748759 | 0.738058 | 0.836958 | 0.352698 | 0.372882 | 0.383914 | 0.227108 | 0.225105 | 0.234443
3 | 2.465024 | 0.746917 | 0.831424 | 0.761830 | 0.355337 | 0.399276 | 0.421308 | 0.234956 | 0.234812 | 0.242682
4 | 1.579137 | 0.719028 | 0.763137 | 0.756813 | 0.365128 | 0.403653 | 0.424269 | 0.236116 | 0.232893 | 0.232007
5 | 1.581332 | 0.748770 | 0.744859 | 0.759731 | 0.350827 | 0.375194 | 0.382033 | 0.225918 | 0.215630 | 0.232570
6 | 1.531788 | 0.749423 | 0.763332 | 0.782135 | 0.340540 | 0.361766 | 0.394311 | 0.226284 | 0.231286 | 0.238444
7 | 1.601021 | 0.738925 | 0.744193 | 0.768091 | 0.360428 | 0.381942 | 0.397462 | 0.232150 | 0.232056 | 0.240778
8 | 2.481259 | 0.788284 | 0.808793 | 0.834527 | 0.351730 | 0.388025 | 0.362766 | 0.225531 | 0.237198 | 0.240055
9 | 2.483820 | 0.758255 | 0.794422 | 0.776684 | 0.327330 | 0.369645 | 0.392295 | 0.223903 | 0.235324 | 0.226919
10 | 2.439625 | 0.807984 | 0.809854 | 0.824325 | 0.324889 | 0.377786 | 0.410681 | 0.226816 | 0.236053 | 0.230816
