Tiempos de ejecución para 80x80, 4 procesos MPI, 8 hilos OMP, 10 ns
Iteración | Serie | OMP Columnas | OMP Filas | OMP Bloques | MPI Columnas | MPI Filas | MPI Bloques | MPI+OMP Columnas | MPI+OMP Filas | MPI+OMP Bloques
1 | 0.244609 | 0.135761 | 0.139639 | 0.139945 | 0.067098 | 0.076139 | 0.073328 | 0.039689 | 0.047450 | 0.042743
2 | 0.236626 | 0.138093 | 0.136783 | 0.139565 | 0.068036 | 0.078338 | 0.074170 | 0.041139 | 0.046311 | 0.046150
3 | 0.247093 | 0.134134 | 0.135925 | 0.134635 | 0.069366 | 0.079124 | 0.076438 | 0.041345 | 0.045420 | 0.044128
4 | 0.239944 | 0.139497 | 0.147159 | 0.141108 | 0.068616 | 0.078415 | 0.074802 | 0.040827 | 0.048112 | 0.045223
5 | 0.235097 | 0.134937 | 0.143472 | 0.143163 | 0.067181 | 0.077930 | 0.074538 | 0.041804 | 0.048367 | 0.045314
6 | 0.243655 | 0.142030 | 0.136325 | 0.143961 | 0.066524 | 0.077775 | 0.074906 | 0.040235 | 0.045341 | 0.048578
7 | 0.240211 | 0.142510 | 0.149110 | 0.139287 | 0.067453 | 0.077709 | 0.074527 | 0.040564 | 0.048094 | 0.046514
8 | 0.242761 | 0.146970 | 0.137671 | 0.139716 | 0.070553 | 0.080657 | 0.077734 | 0.041769 | 0.047814 | 0.042111
9 | 0.245781 | 0.136222 | 0.135602 | 0.136107 | 0.066516 | 0.076106 | 0.073382 | 0.039752 | 0.045662 | 0.041649
10 | 0.249935 | 0.137579 | 0.136656 | 0.140090 | 0.067986 | 0.076953 | 0.073790 | 0.040753 | 0.047149 | 0.045523
