Resultados de las ejecuciones MPI (10 repeticiones por configuración)
Formato: Resolucion | Procesos | NS | Iteración | Imagen | Tiempo (s)
80x80 | 2 | 10 | 1 | imagenes_mpi/80x80_2p_10ns/imgCPU_MPI_Bloques_res80_2p_10ns_it1.bmp | 0.235417
0.234643
0.235223
0.234058
0.168478
0.137268
0.135671
0.125410
0.142486
0.142776
80x80 | 2 | 10 | 1 | imagenes_mpi/80x80_2p_10ns/imgCPU_MPI_Columnas_res80_2p_10ns_it1.bmp | 0.235417
0.234643
0.235223
0.234058
0.168478
0.137268
0.135671
0.125410
0.142486
0.142776
80x80 | 2 | 10 | 1 | imagenes_mpi/80x80_2p_10ns/imgCPU_MPI_Filas_res80_2p_10ns_it1.bmp | 0.235417
0.234643
0.235223
0.234058
0.168478
0.137268
0.135671
0.125410
0.142486
0.142776
80x80 | 2 | 10 | 1 | imagenes_mpi/80x80_2p_10ns/imgCPU_MPIMP_Bloques_res80_2p_10ns_it1.bmp | 0.235417
0.234643
0.235223
0.234058
0.168478
0.137268
0.135671
0.125410
0.142486
0.142776
80x80 | 2 | 10 | 1 | imagenes_mpi/80x80_2p_10ns/imgCPU_MPIMP_Columnas_res80_2p_10ns_it1.bmp | 0.235417
0.234643
0.235223
0.234058
0.168478
0.137268
0.135671
0.125410
0.142486
0.142776
80x80 | 2 | 10 | 1 | imagenes_mpi/80x80_2p_10ns/imgCPU_MPIMP_Filas_res80_2p_10ns_it1.bmp | 0.235417
0.234643
0.235223
0.234058
0.168478
0.137268
0.135671
0.125410
0.142486
0.142776
80x80 | 2 | 10 | 1 | imagenes_mpi/80x80_2p_10ns/imgCPU_OMP_Bloques_res80_2p_10ns_it1.bmp | 0.235417
0.234643
0.235223
0.234058
0.168478
0.137268
0.135671
0.125410
0.142486
0.142776
80x80 | 2 | 10 | 1 | imagenes_mpi/80x80_2p_10ns/imgCPU_OMP_Columnas_res80_2p_10ns_it1.bmp | 0.235417
0.234643
0.235223
0.234058
0.168478
0.137268
0.135671
0.125410
0.142486
0.142776
80x80 | 2 | 10 | 1 | imagenes_mpi/80x80_2p_10ns/imgCPU_OMP_Filas_res80_2p_10ns_it1.bmp | 0.235417
0.234643
0.235223
0.234058
0.168478
0.137268
0.135671
0.125410
0.142486
0.142776
80x80 | 2 | 10 | 1 | imagenes_mpi/80x80_2p_10ns/imgCPU_Serie_res80_2p_10ns_it1.bmp | 0.235417
0.234643
0.235223
0.234058
0.168478
0.137268
0.135671
0.125410
0.142486
0.142776
80x80 | 2 | 10 | 1 | imagenes_mpi/80x80_2p_10ns/imgMPIImgSinReconstruir_res80_2p_10ns_it1.bmp | 0.235417
0.234643
0.235223
0.234058
0.168478
0.137268
0.135671
0.125410
0.142486
0.142776
80x80 | 2 | 10 | 2 | imagenes_mpi/80x80_2p_10ns/imgCPU_MPI_Bloques_res80_2p_10ns_it2.bmp | 0.273517
0.267067
0.268712
0.263324
0.139317
0.156111
0.156905
0.140422
0.153415
0.154665
80x80 | 2 | 10 | 2 | imagenes_mpi/80x80_2p_10ns/imgCPU_MPI_Columnas_res80_2p_10ns_it2.bmp | 0.273517
0.267067
0.268712
0.263324
0.139317
0.156111
0.156905
0.140422
0.153415
0.154665
80x80 | 2 | 10 | 2 | imagenes_mpi/80x80_2p_10ns/imgCPU_MPI_Filas_res80_2p_10ns_it2.bmp | 0.273517
0.267067
0.268712
0.263324
0.139317
0.156111
0.156905
0.140422
0.153415
0.154665
80x80 | 2 | 10 | 2 | imagenes_mpi/80x80_2p_10ns/imgCPU_MPIMP_Bloques_res80_2p_10ns_it2.bmp | 0.273517
0.267067
0.268712
0.263324
0.139317
0.156111
0.156905
0.140422
0.153415
0.154665
80x80 | 2 | 10 | 2 | imagenes_mpi/80x80_2p_10ns/imgCPU_MPIMP_Columnas_res80_2p_10ns_it2.bmp | 0.273517
0.267067
0.268712
0.263324
0.139317
0.156111
0.156905
0.140422
0.153415
0.154665
80x80 | 2 | 10 | 2 | imagenes_mpi/80x80_2p_10ns/imgCPU_MPIMP_Filas_res80_2p_10ns_it2.bmp | 0.273517
0.267067
0.268712
0.263324
0.139317
0.156111
0.156905
0.140422
0.153415
0.154665
80x80 | 2 | 10 | 2 | imagenes_mpi/80x80_2p_10ns/imgCPU_OMP_Bloques_res80_2p_10ns_it2.bmp | 0.273517
0.267067
0.268712
0.263324
0.139317
0.156111
0.156905
0.140422
0.153415
0.154665
80x80 | 2 | 10 | 2 | imagenes_mpi/80x80_2p_10ns/imgCPU_OMP_Columnas_res80_2p_10ns_it2.bmp | 0.273517
0.267067
0.268712
0.263324
0.139317
0.156111
0.156905
0.140422
0.153415
0.154665
80x80 | 2 | 10 | 2 | imagenes_mpi/80x80_2p_10ns/imgCPU_OMP_Filas_res80_2p_10ns_it2.bmp | 0.273517
0.267067
0.268712
0.263324
0.139317
0.156111
0.156905
0.140422
0.153415
0.154665
80x80 | 2 | 10 | 2 | imagenes_mpi/80x80_2p_10ns/imgCPU_Serie_res80_2p_10ns_it2.bmp | 0.273517
0.267067
0.268712
0.263324
0.139317
0.156111
0.156905
0.140422
0.153415
0.154665
80x80 | 2 | 10 | 2 | imagenes_mpi/80x80_2p_10ns/imgMPIImgSinReconstruir_res80_2p_10ns_it2.bmp | 0.273517
0.267067
0.268712
0.263324
0.139317
0.156111
0.156905
0.140422
0.153415
0.154665
80x80 | 2 | 10 | 3 | imagenes_mpi/80x80_2p_10ns/imgCPU_MPI_Bloques_res80_2p_10ns_it3.bmp | 0.324841
0.272614
0.278523
0.263213
0.143201
0.146108
0.150814
0.136308
0.148848
0.143033
80x80 | 2 | 10 | 3 | imagenes_mpi/80x80_2p_10ns/imgCPU_MPI_Columnas_res80_2p_10ns_it3.bmp | 0.324841
0.272614
0.278523
0.263213
0.143201
0.146108
0.150814
0.136308
0.148848
0.143033
80x80 | 2 | 10 | 3 | imagenes_mpi/80x80_2p_10ns/imgCPU_MPI_Filas_res80_2p_10ns_it3.bmp | 0.324841
0.272614
0.278523
0.263213
0.143201
0.146108
0.150814
0.136308
0.148848
0.143033
80x80 | 2 | 10 | 3 | imagenes_mpi/80x80_2p_10ns/imgCPU_MPIMP_Bloques_res80_2p_10ns_it3.bmp | 0.324841
0.272614
0.278523
0.263213
0.143201
0.146108
0.150814
0.136308
0.148848
0.143033
80x80 | 2 | 10 | 3 | imagenes_mpi/80x80_2p_10ns/imgCPU_MPIMP_Columnas_res80_2p_10ns_it3.bmp | 0.324841
0.272614
0.278523
0.263213
0.143201
0.146108
0.150814
0.136308
0.148848
0.143033
80x80 | 2 | 10 | 3 | imagenes_mpi/80x80_2p_10ns/imgCPU_MPIMP_Filas_res80_2p_10ns_it3.bmp | 0.324841
0.272614
0.278523
0.263213
0.143201
0.146108
0.150814
0.136308
0.148848
0.143033
80x80 | 2 | 10 | 3 | imagenes_mpi/80x80_2p_10ns/imgCPU_OMP_Bloques_res80_2p_10ns_it3.bmp | 0.324841
0.272614
0.278523
0.263213
0.143201
0.146108
0.150814
0.136308
0.148848
0.143033
80x80 | 2 | 10 | 3 | imagenes_mpi/80x80_2p_10ns/imgCPU_OMP_Columnas_res80_2p_10ns_it3.bmp | 0.324841
0.272614
0.278523
0.263213
0.143201
0.146108
0.150814
0.136308
0.148848
0.143033
80x80 | 2 | 10 | 3 | imagenes_mpi/80x80_2p_10ns/imgCPU_OMP_Filas_res80_2p_10ns_it3.bmp | 0.324841
0.272614
0.278523
0.263213
0.143201
0.146108
0.150814
0.136308
0.148848
0.143033
80x80 | 2 | 10 | 3 | imagenes_mpi/80x80_2p_10ns/imgCPU_Serie_res80_2p_10ns_it3.bmp | 0.324841
0.272614
0.278523
0.263213
0.143201
0.146108
0.150814
0.136308
0.148848
0.143033
80x80 | 2 | 10 | 3 | imagenes_mpi/80x80_2p_10ns/imgMPIImgSinReconstruir_res80_2p_10ns_it3.bmp | 0.324841
0.272614
0.278523
0.263213
0.143201
0.146108
0.150814
0.136308
0.148848
0.143033
80x80 | 2 | 10 | 4 | imagenes_mpi/80x80_2p_10ns/imgCPU_MPI_Bloques_res80_2p_10ns_it4.bmp | 0.255812
0.268082
0.265502
0.264288
0.135547
0.143792
0.150987
0.131544
0.147955
0.144478
80x80 | 2 | 10 | 4 | imagenes_mpi/80x80_2p_10ns/imgCPU_MPI_Columnas_res80_2p_10ns_it4.bmp | 0.255812
0.268082
0.265502
0.264288
0.135547
0.143792
0.150987
0.131544
0.147955
0.144478
80x80 | 2 | 10 | 4 | imagenes_mpi/80x80_2p_10ns/imgCPU_MPI_Filas_res80_2p_10ns_it4.bmp | 0.255812
0.268082
0.265502
0.264288
0.135547
0.143792
0.150987
0.131544
0.147955
0.144478
80x80 | 2 | 10 | 4 | imagenes_mpi/80x80_2p_10ns/imgCPU_MPIMP_Bloques_res80_2p_10ns_it4.bmp | 0.255812
0.268082
0.265502
0.264288
0.135547
0.143792
0.150987
0.131544
0.147955
0.144478
80x80 | 2 | 10 | 4 | imagenes_mpi/80x80_2p_10ns/imgCPU_MPIMP_Columnas_res80_2p_10ns_it4.bmp | 0.255812
0.268082
0.265502
0.264288
0.135547
0.143792
0.150987
0.131544
0.147955
0.144478
80x80 | 2 | 10 | 4 | imagenes_mpi/80x80_2p_10ns/imgCPU_MPIMP_Filas_res80_2p_10ns_it4.bmp | 0.255812
0.268082
0.265502
0.264288
0.135547
0.143792
0.150987
0.131544
0.147955
0.144478
80x80 | 2 | 10 | 4 | imagenes_mpi/80x80_2p_10ns/imgCPU_OMP_Bloques_res80_2p_10ns_it4.bmp | 0.255812
0.268082
0.265502
0.264288
0.135547
0.143792
0.150987
0.131544
0.147955
0.144478
80x80 | 2 | 10 | 4 | imagenes_mpi/80x80_2p_10ns/imgCPU_OMP_Columnas_res80_2p_10ns_it4.bmp | 0.255812
0.268082
0.265502
0.264288
0.135547
0.143792
0.150987
0.131544
0.147955
0.144478
80x80 | 2 | 10 | 4 | imagenes_mpi/80x80_2p_10ns/imgCPU_OMP_Filas_res80_2p_10ns_it4.bmp | 0.255812
0.268082
0.265502
0.264288
0.135547
0.143792
0.150987
0.131544
0.147955
0.144478
80x80 | 2 | 10 | 4 | imagenes_mpi/80x80_2p_10ns/imgCPU_Serie_res80_2p_10ns_it4.bmp | 0.255812
0.268082
0.265502
0.264288
0.135547
0.143792
0.150987
0.131544
0.147955
0.144478
80x80 | 2 | 10 | 4 | imagenes_mpi/80x80_2p_10ns/imgMPIImgSinReconstruir_res80_2p_10ns_it4.bmp | 0.255812
0.268082
0.265502
0.264288
0.135547
0.143792
0.150987
0.131544
0.147955
0.144478
80x80 | 2 | 10 | 5 | imagenes_mpi/80x80_2p_10ns/imgCPU_MPI_Bloques_res80_2p_10ns_it5.bmp | 0.259562
0.267170
0.266626
0.265447
0.130463
0.148901
0.149095
0.138928
0.146198
0.145652
80x80 | 2 | 10 | 5 | imagenes_mpi/80x80_2p_10ns/imgCPU_MPI_Columnas_res80_2p_10ns_it5.bmp | 0.259562
0.267170
0.266626
0.265447
0.130463
0.148901
0.149095
0.138928
0.146198
0.145652
80x80 | 2 | 10 | 5 | imagenes_mpi/80x80_2p_10ns/imgCPU_MPI_Filas_res80_2p_10ns_it5.bmp | 0.259562
0.267170
0.266626
0.265447
0.130463
0.148901
0.149095
0.138928
0.146198
0.145652
80x80 | 2 | 10 | 5 | imagenes_mpi/80x80_2p_10ns/imgCPU_MPIMP_Bloques_res80_2p_10ns_it5.bmp | 0.259562
0.267170
0.266626
0.265447
0.130463
0.148901
0.149095
0.138928
0.146198
0.145652
80x80 | 2 | 10 | 5 | imagenes_mpi/80x80_2p_10ns/imgCPU_MPIMP_Columnas_res80_2p_10ns_it5.bmp | 0.259562
0.267170
0.266626
0.265447
0.130463
0.148901
0.149095
0.138928
0.146198
0.145652
80x80 | 2 | 10 | 5 | imagenes_mpi/80x80_2p_10ns/imgCPU_MPIMP_Filas_res80_2p_10ns_it5.bmp | 0.259562
0.267170
0.266626
0.265447
0.130463
0.148901
0.149095
0.138928
0.146198
0.145652
80x80 | 2 | 10 | 5 | imagenes_mpi/80x80_2p_10ns/imgCPU_OMP_Bloques_res80_2p_10ns_it5.bmp | 0.259562
0.267170
0.266626
0.265447
0.130463
0.148901
0.149095
0.138928
0.146198
0.145652
80x80 | 2 | 10 | 5 | imagenes_mpi/80x80_2p_10ns/imgCPU_OMP_Columnas_res80_2p_10ns_it5.bmp | 0.259562
0.267170
0.266626
0.265447
0.130463
0.148901
0.149095
0.138928
0.146198
0.145652
80x80 | 2 | 10 | 5 | imagenes_mpi/80x80_2p_10ns/imgCPU_OMP_Filas_res80_2p_10ns_it5.bmp | 0.259562
0.267170
0.266626
0.265447
0.130463
0.148901
0.149095
0.138928
0.146198
0.145652
80x80 | 2 | 10 | 5 | imagenes_mpi/80x80_2p_10ns/imgCPU_Serie_res80_2p_10ns_it5.bmp | 0.259562
0.267170
0.266626
0.265447
0.130463
0.148901
0.149095
0.138928
0.146198
0.145652
80x80 | 2 | 10 | 5 | imagenes_mpi/80x80_2p_10ns/imgMPIImgSinReconstruir_res80_2p_10ns_it5.bmp | 0.259562
0.267170
0.266626
0.265447
0.130463
0.148901
0.149095
0.138928
0.146198
0.145652
80x80 | 2 | 10 | 6 | imagenes_mpi/80x80_2p_10ns/imgCPU_MPI_Bloques_res80_2p_10ns_it6.bmp | 0.260080
0.262150
0.265198
0.266577
0.145003
0.158718
0.159670
0.133369
0.148396
0.151090
80x80 | 2 | 10 | 6 | imagenes_mpi/80x80_2p_10ns/imgCPU_MPI_Columnas_res80_2p_10ns_it6.bmp | 0.260080
0.262150
0.265198
0.266577
0.145003
0.158718
0.159670
0.133369
0.148396
0.151090
80x80 | 2 | 10 | 6 | imagenes_mpi/80x80_2p_10ns/imgCPU_MPI_Filas_res80_2p_10ns_it6.bmp | 0.260080
0.262150
0.265198
0.266577
0.145003
0.158718
0.159670
0.133369
0.148396
0.151090
80x80 | 2 | 10 | 6 | imagenes_mpi/80x80_2p_10ns/imgCPU_MPIMP_Bloques_res80_2p_10ns_it6.bmp | 0.260080
0.262150
0.265198
0.266577
0.145003
0.158718
0.159670
0.133369
0.148396
0.151090
80x80 | 2 | 10 | 6 | imagenes_mpi/80x80_2p_10ns/imgCPU_MPIMP_Columnas_res80_2p_10ns_it6.bmp | 0.260080
0.262150
0.265198
0.266577
0.145003
0.158718
0.159670
0.133369
0.148396
0.151090
80x80 | 2 | 10 | 6 | imagenes_mpi/80x80_2p_10ns/imgCPU_MPIMP_Filas_res80_2p_10ns_it6.bmp | 0.260080
0.262150
0.265198
0.266577
0.145003
0.158718
0.159670
0.133369
0.148396
0.151090
80x80 | 2 | 10 | 6 | imagenes_mpi/80x80_2p_10ns/imgCPU_OMP_Bloques_res80_2p_10ns_it6.bmp | 0.260080
0.262150
0.265198
0.266577
0.145003
0.158718
0.159670
0.133369
0.148396
0.151090
80x80 | 2 | 10 | 6 | imagenes_mpi/80x80_2p_10ns/imgCPU_OMP_Columnas_res80_2p_10ns_it6.bmp | 0.260080
0.262150
0.265198
0.266577
0.145003
0.158718
0.159670
0.133369
0.148396
0.151090
80x80 | 2 | 10 | 6 | imagenes_mpi/80x80_2p_10ns/imgCPU_OMP_Filas_res80_2p_10ns_it6.bmp | 0.260080
0.262150
0.265198
0.266577
0.145003
0.158718
0.159670
0.133369
0.148396
0.151090
80x80 | 2 | 10 | 6 | imagenes_mpi/80x80_2p_10ns/imgCPU_Serie_res80_2p_10ns_it6.bmp | 0.260080
0.262150
0.265198
0.266577
0.145003
0.158718
0.159670
0.133369
0.148396
0.151090
80x80 | 2 | 10 | 6 | imagenes_mpi/80x80_2p_10ns/imgMPIImgSinReconstruir_res80_2p_10ns_it6.bmp | 0.260080
0.262150
0.265198
0.266577
0.145003
0.158718
0.159670
0.133369
0.148396
0.151090
80x80 | 2 | 10 | 7 | imagenes_mpi/80x80_2p_10ns/imgCPU_MPI_Bloques_res80_2p_10ns_it7.bmp | 0.258885
0.260193
0.268071
0.271125
0.138511
0.155898
0.158150
0.138621
0.154833
0.151471
80x80 | 2 | 10 | 7 | imagenes_mpi/80x80_2p_10ns/imgCPU_MPI_Columnas_res80_2p_10ns_it7.bmp | 0.258885
0.260193
0.268071
0.271125
0.138511
0.155898
0.158150
0.138621
0.154833
0.151471
80x80 | 2 | 10 | 7 | imagenes_mpi/80x80_2p_10ns/imgCPU_MPI_Filas_res80_2p_10ns_it7.bmp | 0.258885
0.260193
0.268071
0.271125
0.138511
0.155898
0.158150
0.138621
0.154833
0.151471
80x80 | 2 | 10 | 7 | imagenes_mpi/80x80_2p_10ns/imgCPU_MPIMP_Bloques_res80_2p_10ns_it7.bmp | 0.258885
0.260193
0.268071
0.271125
0.138511
0.155898
0.158150
0.138621
0.154833
0.151471
80x80 | 2 | 10 | 7 | imagenes_mpi/80x80_2p_10ns/imgCPU_MPIMP_Columnas_res80_2p_10ns_it7.bmp | 0.258885
0.260193
0.268071
0.271125
0.138511
0.155898
0.158150
0.138621
0.154833
0.151471
80x80 | 2 | 10 | 7 | imagenes_mpi/80x80_2p_10ns/imgCPU_MPIMP_Filas_res80_2p_10ns_it7.bmp | 0.258885
0.260193
0.268071
0.271125
0.138511
0.155898
0.158150
0.138621
0.154833
0.151471
80x80 | 2 | 10 | 7 | imagenes_mpi/80x80_2p_10ns/imgCPU_OMP_Bloques_res80_2p_10ns_it7.bmp | 0.258885
0.260193
0.268071
0.271125
0.138511
0.155898
0.158150
0.138621
0.154833
0.151471
80x80 | 2 | 10 | 7 | imagenes_mpi/80x80_2p_10ns/imgCPU_OMP_Columnas_res80_2p_10ns_it7.bmp | 0.258885
0.260193
0.268071
0.271125
0.138511
0.155898
0.158150
0.138621
0.154833
0.151471
80x80 | 2 | 10 | 7 | imagenes_mpi/80x80_2p_10ns/imgCPU_OMP_Filas_res80_2p_10ns_it7.bmp | 0.258885
0.260193
0.268071
0.271125
0.138511
0.155898
0.158150
0.138621
0.154833
0.151471
80x80 | 2 | 10 | 7 | imagenes_mpi/80x80_2p_10ns/imgCPU_Serie_res80_2p_10ns_it7.bmp | 0.258885
0.260193
0.268071
0.271125
0.138511
0.155898
0.158150
0.138621
0.154833
0.151471
80x80 | 2 | 10 | 7 | imagenes_mpi/80x80_2p_10ns/imgMPIImgSinReconstruir_res80_2p_10ns_it7.bmp | 0.258885
0.260193
0.268071
0.271125
0.138511
0.155898
0.158150
0.138621
0.154833
0.151471
80x80 | 2 | 10 | 8 | imagenes_mpi/80x80_2p_10ns/imgCPU_MPI_Bloques_res80_2p_10ns_it8.bmp | 0.273785
0.273247
0.266160
0.270733
0.139750
0.149226
0.153160
0.137605
0.149541
0.149342
80x80 | 2 | 10 | 8 | imagenes_mpi/80x80_2p_10ns/imgCPU_MPI_Columnas_res80_2p_10ns_it8.bmp | 0.273785
0.273247
0.266160
0.270733
0.139750
0.149226
0.153160
0.137605
0.149541
0.149342
80x80 | 2 | 10 | 8 | imagenes_mpi/80x80_2p_10ns/imgCPU_MPI_Filas_res80_2p_10ns_it8.bmp | 0.273785
0.273247
0.266160
0.270733
0.139750
0.149226
0.153160
0.137605
0.149541
0.149342
80x80 | 2 | 10 | 8 | imagenes_mpi/80x80_2p_10ns/imgCPU_MPIMP_Bloques_res80_2p_10ns_it8.bmp | 0.273785
0.273247
0.266160
0.270733
0.139750
0.149226
0.153160
0.137605
0.149541
0.149342
80x80 | 2 | 10 | 8 | imagenes_mpi/80x80_2p_10ns/imgCPU_MPIMP_Columnas_res80_2p_10ns_it8.bmp | 0.273785
0.273247
0.266160
0.270733
0.139750
0.149226
0.153160
0.137605
0.149541
0.149342
80x80 | 2 | 10 | 8 | imagenes_mpi/80x80_2p_10ns/imgCPU_MPIMP_Filas_res80_2p_10ns_it8.bmp | 0.273785
0.273247
0.266160
0.270733
0.139750
0.149226
0.153160
0.137605
0.149541
0.149342
80x80 | 2 | 10 | 8 | imagenes_mpi/80x80_2p_10ns/imgCPU_OMP_Bloques_res80_2p_10ns_it8.bmp | 0.273785
0.273247
0.266160
0.270733
0.139750
0.149226
0.153160
0.137605
0.149541
0.149342
80x80 | 2 | 10 | 8 | imagenes_mpi/80x80_2p_10ns/imgCPU_OMP_Columnas_res80_2p_10ns_it8.bmp | 0.273785
0.273247
0.266160
0.270733
0.139750
0.149226
0.153160
0.137605
0.149541
0.149342
80x80 | 2 | 10 | 8 | imagenes_mpi/80x80_2p_10ns/imgCPU_OMP_Filas_res80_2p_10ns_it8.bmp | 0.273785
0.273247
0.266160
0.270733
0.139750
0.149226
0.153160
0.137605
0.149541
0.149342
80x80 | 2 | 10 | 8 | imagenes_mpi/80x80_2p_10ns/imgCPU_Serie_res80_2p_10ns_it8.bmp | 0.273785
0.273247
0.266160
0.270733
0.139750
0.149226
0.153160
0.137605
0.149541
0.149342
80x80 | 2 | 10 | 8 | imagenes_mpi/80x80_2p_10ns/imgMPIImgSinReconstruir_res80_2p_10ns_it8.bmp | 0.273785
0.273247
0.266160
0.270733
0.139750
0.149226
0.153160
0.137605
0.149541
0.149342
80x80 | 2 | 10 | 9 | imagenes_mpi/80x80_2p_10ns/imgCPU_MPI_Bloques_res80_2p_10ns_it9.bmp | 0.265005
0.266327
0.266510
0.264140
0.139203
0.155973
0.161965
0.134825
0.149757
0.142773
80x80 | 2 | 10 | 9 | imagenes_mpi/80x80_2p_10ns/imgCPU_MPI_Columnas_res80_2p_10ns_it9.bmp | 0.265005
0.266327
0.266510
0.264140
0.139203
0.155973
0.161965
0.134825
0.149757
0.142773
80x80 | 2 | 10 | 9 | imagenes_mpi/80x80_2p_10ns/imgCPU_MPI_Filas_res80_2p_10ns_it9.bmp | 0.265005
0.266327
0.266510
0.264140
0.139203
0.155973
0.161965
0.134825
0.149757
0.142773
80x80 | 2 | 10 | 9 | imagenes_mpi/80x80_2p_10ns/imgCPU_MPIMP_Bloques_res80_2p_10ns_it9.bmp | 0.265005
0.266327
0.266510
0.264140
0.139203
0.155973
0.161965
0.134825
0.149757
0.142773
80x80 | 2 | 10 | 9 | imagenes_mpi/80x80_2p_10ns/imgCPU_MPIMP_Columnas_res80_2p_10ns_it9.bmp | 0.265005
0.266327
0.266510
0.264140
0.139203
0.155973
0.161965
0.134825
0.149757
0.142773
80x80 | 2 | 10 | 9 | imagenes_mpi/80x80_2p_10ns/imgCPU_MPIMP_Filas_res80_2p_10ns_it9.bmp | 0.265005
0.266327
0.266510
0.264140
0.139203
0.155973
0.161965
0.134825
0.149757
0.142773
80x80 | 2 | 10 | 9 | imagenes_mpi/80x80_2p_10ns/imgCPU_OMP_Bloques_res80_2p_10ns_it9.bmp | 0.265005
0.266327
0.266510
0.264140
0.139203
0.155973
0.161965
0.134825
0.149757
0.142773
80x80 | 2 | 10 | 9 | imagenes_mpi/80x80_2p_10ns/imgCPU_OMP_Columnas_res80_2p_10ns_it9.bmp | 0.265005
0.266327
0.266510
0.264140
0.139203
0.155973
0.161965
0.134825
0.149757
0.142773
80x80 | 2 | 10 | 9 | imagenes_mpi/80x80_2p_10ns/imgCPU_OMP_Filas_res80_2p_10ns_it9.bmp | 0.265005
0.266327
0.266510
0.264140
0.139203
0.155973
0.161965
0.134825
0.149757
0.142773
80x80 | 2 | 10 | 9 | imagenes_mpi/80x80_2p_10ns/imgCPU_Serie_res80_2p_10ns_it9.bmp | 0.265005
0.266327
0.266510
0.264140
0.139203
0.155973
0.161965
0.134825
0.149757
0.142773
80x80 | 2 | 10 | 9 | imagenes_mpi/80x80_2p_10ns/imgMPIImgSinReconstruir_res80_2p_10ns_it9.bmp | 0.265005
0.266327
0.266510
0.264140
0.139203
0.155973
0.161965
0.134825
0.149757
0.142773
80x80 | 2 | 10 | 10 | imagenes_mpi/80x80_2p_10ns/imgCPU_MPI_Bloques_res80_2p_10ns_it10.bmp | 0.263373
0.260269
0.262982
0.260269
0.136650
0.146468
0.150879
0.133445
0.146223
0.147577
80x80 | 2 | 10 | 10 | imagenes_mpi/80x80_2p_10ns/imgCPU_MPI_Columnas_res80_2p_10ns_it10.bmp | 0.263373
0.260269
0.262982
0.260269
0.136650
0.146468
0.150879
0.133445
0.146223
0.147577
80x80 | 2 | 10 | 10 | imagenes_mpi/80x80_2p_10ns/imgCPU_MPI_Filas_res80_2p_10ns_it10.bmp | 0.263373
0.260269
0.262982
0.260269
0.136650
0.146468
0.150879
0.133445
0.146223
0.147577
80x80 | 2 | 10 | 10 | imagenes_mpi/80x80_2p_10ns/imgCPU_MPIMP_Bloques_res80_2p_10ns_it10.bmp | 0.263373
0.260269
0.262982
0.260269
0.136650
0.146468
0.150879
0.133445
0.146223
0.147577
80x80 | 2 | 10 | 10 | imagenes_mpi/80x80_2p_10ns/imgCPU_MPIMP_Columnas_res80_2p_10ns_it10.bmp | 0.263373
0.260269
0.262982
0.260269
0.136650
0.146468
0.150879
0.133445
0.146223
0.147577
80x80 | 2 | 10 | 10 | imagenes_mpi/80x80_2p_10ns/imgCPU_MPIMP_Filas_res80_2p_10ns_it10.bmp | 0.263373
0.260269
0.262982
0.260269
0.136650
0.146468
0.150879
0.133445
0.146223
0.147577
80x80 | 2 | 10 | 10 | imagenes_mpi/80x80_2p_10ns/imgCPU_OMP_Bloques_res80_2p_10ns_it10.bmp | 0.263373
0.260269
0.262982
0.260269
0.136650
0.146468
0.150879
0.133445
0.146223
0.147577
80x80 | 2 | 10 | 10 | imagenes_mpi/80x80_2p_10ns/imgCPU_OMP_Columnas_res80_2p_10ns_it10.bmp | 0.263373
0.260269
0.262982
0.260269
0.136650
0.146468
0.150879
0.133445
0.146223
0.147577
80x80 | 2 | 10 | 10 | imagenes_mpi/80x80_2p_10ns/imgCPU_OMP_Filas_res80_2p_10ns_it10.bmp | 0.263373
0.260269
0.262982
0.260269
0.136650
0.146468
0.150879
0.133445
0.146223
0.147577
80x80 | 2 | 10 | 10 | imagenes_mpi/80x80_2p_10ns/imgCPU_Serie_res80_2p_10ns_it10.bmp | 0.263373
0.260269
0.262982
0.260269
0.136650
0.146468
0.150879
0.133445
0.146223
0.147577
80x80 | 2 | 10 | 10 | imagenes_mpi/80x80_2p_10ns/imgMPIImgSinReconstruir_res80_2p_10ns_it10.bmp | 0.263373
0.260269
0.262982
0.260269
0.136650
0.146468
0.150879
0.133445
0.146223
0.147577
80x80 | 4 | 10 | 1 | imagenes_mpi/80x80_4p_10ns/imgCPU_MPI_Bloques_res80_4p_10ns_it1.bmp | 0.293360
0.167045
0.166076
0.168651
0.078942
0.092336
0.091460
0.052760
0.054530
0.055678
80x80 | 4 | 10 | 1 | imagenes_mpi/80x80_4p_10ns/imgCPU_MPI_Columnas_res80_4p_10ns_it1.bmp | 0.293360
0.167045
0.166076
0.168651
0.078942
0.092336
0.091460
0.052760
0.054530
0.055678
80x80 | 4 | 10 | 1 | imagenes_mpi/80x80_4p_10ns/imgCPU_MPI_Filas_res80_4p_10ns_it1.bmp | 0.293360
0.167045
0.166076
0.168651
0.078942
0.092336
0.091460
0.052760
0.054530
0.055678
80x80 | 4 | 10 | 1 | imagenes_mpi/80x80_4p_10ns/imgCPU_MPIMP_Bloques_res80_4p_10ns_it1.bmp | 0.293360
0.167045
0.166076
0.168651
0.078942
0.092336
0.091460
0.052760
0.054530
0.055678
80x80 | 4 | 10 | 1 | imagenes_mpi/80x80_4p_10ns/imgCPU_MPIMP_Columnas_res80_4p_10ns_it1.bmp | 0.293360
0.167045
0.166076
0.168651
0.078942
0.092336
0.091460
0.052760
0.054530
0.055678
80x80 | 4 | 10 | 1 | imagenes_mpi/80x80_4p_10ns/imgCPU_MPIMP_Filas_res80_4p_10ns_it1.bmp | 0.293360
0.167045
0.166076
0.168651
0.078942
0.092336
0.091460
0.052760
0.054530
0.055678
80x80 | 4 | 10 | 1 | imagenes_mpi/80x80_4p_10ns/imgCPU_OMP_Bloques_res80_4p_10ns_it1.bmp | 0.293360
0.167045
0.166076
0.168651
0.078942
0.092336
0.091460
0.052760
0.054530
0.055678
80x80 | 4 | 10 | 1 | imagenes_mpi/80x80_4p_10ns/imgCPU_OMP_Columnas_res80_4p_10ns_it1.bmp | 0.293360
0.167045
0.166076
0.168651
0.078942
0.092336
0.091460
0.052760
0.054530
0.055678
80x80 | 4 | 10 | 1 | imagenes_mpi/80x80_4p_10ns/imgCPU_OMP_Filas_res80_4p_10ns_it1.bmp | 0.293360
0.167045
0.166076
0.168651
0.078942
0.092336
0.091460
0.052760
0.054530
0.055678
80x80 | 4 | 10 | 1 | imagenes_mpi/80x80_4p_10ns/imgCPU_Serie_res80_4p_10ns_it1.bmp | 0.293360
0.167045
0.166076
0.168651
0.078942
0.092336
0.091460
0.052760
0.054530
0.055678
80x80 | 4 | 10 | 1 | imagenes_mpi/80x80_4p_10ns/imgMPIImgSinReconstruir_res80_4p_10ns_it1.bmp | 0.293360
0.167045
0.166076
0.168651
0.078942
0.092336
0.091460
0.052760
0.054530
0.055678
80x80 | 4 | 10 | 2 | imagenes_mpi/80x80_4p_10ns/imgCPU_MPI_Bloques_res80_4p_10ns_it2.bmp | 0.273079
0.136669
0.164230
0.165551
0.085763
0.088910
0.084698
0.054842
0.055899
0.059705
80x80 | 4 | 10 | 2 | imagenes_mpi/80x80_4p_10ns/imgCPU_MPI_Columnas_res80_4p_10ns_it2.bmp | 0.273079
0.136669
0.164230
0.165551
0.085763
0.088910
0.084698
0.054842
0.055899
0.059705
80x80 | 4 | 10 | 2 | imagenes_mpi/80x80_4p_10ns/imgCPU_MPI_Filas_res80_4p_10ns_it2.bmp | 0.273079
0.136669
0.164230
0.165551
0.085763
0.088910
0.084698
0.054842
0.055899
0.059705
80x80 | 4 | 10 | 2 | imagenes_mpi/80x80_4p_10ns/imgCPU_MPIMP_Bloques_res80_4p_10ns_it2.bmp | 0.273079
0.136669
0.164230
0.165551
0.085763
0.088910
0.084698
0.054842
0.055899
0.059705
80x80 | 4 | 10 | 2 | imagenes_mpi/80x80_4p_10ns/imgCPU_MPIMP_Columnas_res80_4p_10ns_it2.bmp | 0.273079
0.136669
0.164230
0.165551
0.085763
0.088910
0.084698
0.054842
0.055899
0.059705
80x80 | 4 | 10 | 2 | imagenes_mpi/80x80_4p_10ns/imgCPU_MPIMP_Filas_res80_4p_10ns_it2.bmp | 0.273079
0.136669
0.164230
0.165551
0.085763
0.088910
0.084698
0.054842
0.055899
0.059705
80x80 | 4 | 10 | 2 | imagenes_mpi/80x80_4p_10ns/imgCPU_OMP_Bloques_res80_4p_10ns_it2.bmp | 0.273079
0.136669
0.164230
0.165551
0.085763
0.088910
0.084698
0.054842
0.055899
0.059705
80x80 | 4 | 10 | 2 | imagenes_mpi/80x80_4p_10ns/imgCPU_OMP_Columnas_res80_4p_10ns_it2.bmp | 0.273079
0.136669
0.164230
0.165551
0.085763
0.088910
0.084698
0.054842
0.055899
0.059705
80x80 | 4 | 10 | 2 | imagenes_mpi/80x80_4p_10ns/imgCPU_OMP_Filas_res80_4p_10ns_it2.bmp | 0.273079
0.136669
0.164230
0.165551
0.085763
0.088910
0.084698
0.054842
0.055899
0.059705
80x80 | 4 | 10 | 2 | imagenes_mpi/80x80_4p_10ns/imgCPU_Serie_res80_4p_10ns_it2.bmp | 0.273079
0.136669
0.164230
0.165551
0.085763
0.088910
0.084698
0.054842
0.055899
0.059705
80x80 | 4 | 10 | 2 | imagenes_mpi/80x80_4p_10ns/imgMPIImgSinReconstruir_res80_4p_10ns_it2.bmp | 0.273079
0.136669
0.164230
0.165551
0.085763
0.088910
0.084698
0.054842
0.055899
0.059705
80x80 | 4 | 10 | 3 | imagenes_mpi/80x80_4p_10ns/imgCPU_MPI_Bloques_res80_4p_10ns_it3.bmp | 0.285163
0.166732
0.168659
0.167943
0.080980
0.096585
0.091451
0.055184
0.051824
0.055756
80x80 | 4 | 10 | 3 | imagenes_mpi/80x80_4p_10ns/imgCPU_MPI_Columnas_res80_4p_10ns_it3.bmp | 0.285163
0.166732
0.168659
0.167943
0.080980
0.096585
0.091451
0.055184
0.051824
0.055756
80x80 | 4 | 10 | 3 | imagenes_mpi/80x80_4p_10ns/imgCPU_MPI_Filas_res80_4p_10ns_it3.bmp | 0.285163
0.166732
0.168659
0.167943
0.080980
0.096585
0.091451
0.055184
0.051824
0.055756
80x80 | 4 | 10 | 3 | imagenes_mpi/80x80_4p_10ns/imgCPU_MPIMP_Bloques_res80_4p_10ns_it3.bmp | 0.285163
0.166732
0.168659
0.167943
0.080980
0.096585
0.091451
0.055184
0.051824
0.055756
80x80 | 4 | 10 | 3 | imagenes_mpi/80x80_4p_10ns/imgCPU_MPIMP_Columnas_res80_4p_10ns_it3.bmp | 0.285163
0.166732
0.168659
0.167943
0.080980
0.096585
0.091451
0.055184
0.051824
0.055756
80x80 | 4 | 10 | 3 | imagenes_mpi/80x80_4p_10ns/imgCPU_MPIMP_Filas_res80_4p_10ns_it3.bmp | 0.285163
0.166732
0.168659
0.167943
0.080980
0.096585
0.091451
0.055184
0.051824
0.055756
80x80 | 4 | 10 | 3 | imagenes_mpi/80x80_4p_10ns/imgCPU_OMP_Bloques_res80_4p_10ns_it3.bmp | 0.285163
0.166732
0.168659
0.167943
0.080980
0.096585
0.091451
0.055184
0.051824
0.055756
80x80 | 4 | 10 | 3 | imagenes_mpi/80x80_4p_10ns/imgCPU_OMP_Columnas_res80_4p_10ns_it3.bmp | 0.285163
0.166732
0.168659
0.167943
0.080980
0.096585
0.091451
0.055184
0.051824
0.055756
80x80 | 4 | 10 | 3 | imagenes_mpi/80x80_4p_10ns/imgCPU_OMP_Filas_res80_4p_10ns_it3.bmp | 0.285163
0.166732
0.168659
0.167943
0.080980
0.096585
0.091451
0.055184
0.051824
0.055756
80x80 | 4 | 10 | 3 | imagenes_mpi/80x80_4p_10ns/imgCPU_Serie_res80_4p_10ns_it3.bmp | 0.285163
0.166732
0.168659
0.167943
0.080980
0.096585
0.091451
0.055184
0.051824
0.055756
80x80 | 4 | 10 | 3 | imagenes_mpi/80x80_4p_10ns/imgMPIImgSinReconstruir_res80_4p_10ns_it3.bmp | 0.285163
0.166732
0.168659
0.167943
0.080980
0.096585
0.091451
0.055184
0.051824
0.055756
80x80 | 4 | 10 | 4 | imagenes_mpi/80x80_4p_10ns/imgCPU_MPI_Bloques_res80_4p_10ns_it4.bmp | 0.289741
0.162971
0.165492
0.166837
0.082279
0.095758
0.089935
0.056037
0.057960
0.057780
80x80 | 4 | 10 | 4 | imagenes_mpi/80x80_4p_10ns/imgCPU_MPI_Columnas_res80_4p_10ns_it4.bmp | 0.289741
0.162971
0.165492
0.166837
0.082279
0.095758
0.089935
0.056037
0.057960
0.057780
80x80 | 4 | 10 | 4 | imagenes_mpi/80x80_4p_10ns/imgCPU_MPI_Filas_res80_4p_10ns_it4.bmp | 0.289741
0.162971
0.165492
0.166837
0.082279
0.095758
0.089935
0.056037
0.057960
0.057780
80x80 | 4 | 10 | 4 | imagenes_mpi/80x80_4p_10ns/imgCPU_MPIMP_Bloques_res80_4p_10ns_it4.bmp | 0.289741
0.162971
0.165492
0.166837
0.082279
0.095758
0.089935
0.056037
0.057960
0.057780
80x80 | 4 | 10 | 4 | imagenes_mpi/80x80_4p_10ns/imgCPU_MPIMP_Columnas_res80_4p_10ns_it4.bmp | 0.289741
0.162971
0.165492
0.166837
0.082279
0.095758
0.089935
0.056037
0.057960
0.057780
80x80 | 4 | 10 | 4 | imagenes_mpi/80x80_4p_10ns/imgCPU_MPIMP_Filas_res80_4p_10ns_it4.bmp | 0.289741
0.162971
0.165492
0.166837
0.082279
0.095758
0.089935
0.056037
0.057960
0.057780
80x80 | 4 | 10 | 4 | imagenes_mpi/80x80_4p_10ns/imgCPU_OMP_Bloques_res80_4p_10ns_it4.bmp | 0.289741
0.162971
0.165492
0.166837
0.082279
0.095758
0.089935
0.056037
0.057960
0.057780
80x80 | 4 | 10 | 4 | imagenes_mpi/80x80_4p_10ns/imgCPU_OMP_Columnas_res80_4p_10ns_it4.bmp | 0.289741
0.162971
0.165492
0.166837
0.082279
0.095758
0.089935
0.056037
0.057960
0.057780
80x80 | 4 | 10 | 4 | imagenes_mpi/80x80_4p_10ns/imgCPU_OMP_Filas_res80_4p_10ns_it4.bmp | 0.289741
0.162971
0.165492
0.166837
0.082279
0.095758
0.089935
0.056037
0.057960
0.057780
80x80 | 4 | 10 | 4 | imagenes_mpi/80x80_4p_10ns/imgCPU_Serie_res80_4p_10ns_it4.bmp | 0.289741
0.162971
0.165492
0.166837
0.082279
0.095758
0.089935
0.056037
0.057960
0.057780
80x80 | 4 | 10 | 4 | imagenes_mpi/80x80_4p_10ns/imgMPIImgSinReconstruir_res80_4p_10ns_it4.bmp | 0.289741
0.162971
0.165492
0.166837
0.082279
0.095758
0.089935
0.056037
0.057960
0.057780
80x80 | 4 | 10 | 5 | imagenes_mpi/80x80_4p_10ns/imgCPU_MPI_Bloques_res80_4p_10ns_it5.bmp | 0.292335
0.170174
0.161951
0.172809
0.078765
0.095236
0.088945
0.055175
0.058480
0.056272
80x80 | 4 | 10 | 5 | imagenes_mpi/80x80_4p_10ns/imgCPU_MPI_Columnas_res80_4p_10ns_it5.bmp | 0.292335
0.170174
0.161951
0.172809
0.078765
0.095236
0.088945
0.055175
0.058480
0.056272
80x80 | 4 | 10 | 5 | imagenes_mpi/80x80_4p_10ns/imgCPU_MPI_Filas_res80_4p_10ns_it5.bmp | 0.292335
0.170174
0.161951
0.172809
0.078765
0.095236
0.088945
0.055175
0.058480
0.056272
80x80 | 4 | 10 | 5 | imagenes_mpi/80x80_4p_10ns/imgCPU_MPIMP_Bloques_res80_4p_10ns_it5.bmp | 0.292335
0.170174
0.161951
0.172809
0.078765
0.095236
0.088945
0.055175
0.058480
0.056272
80x80 | 4 | 10 | 5 | imagenes_mpi/80x80_4p_10ns/imgCPU_MPIMP_Columnas_res80_4p_10ns_it5.bmp | 0.292335
0.170174
0.161951
0.172809
0.078765
0.095236
0.088945
0.055175
0.058480
0.056272
80x80 | 4 | 10 | 5 | imagenes_mpi/80x80_4p_10ns/imgCPU_MPIMP_Filas_res80_4p_10ns_it5.bmp | 0.292335
0.170174
0.161951
0.172809
0.078765
0.095236
0.088945
0.055175
0.058480
0.056272
80x80 | 4 | 10 | 5 | imagenes_mpi/80x80_4p_10ns/imgCPU_OMP_Bloques_res80_4p_10ns_it5.bmp | 0.292335
0.170174
0.161951
0.172809
0.078765
0.095236
0.088945
0.055175
0.058480
0.056272
80x80 | 4 | 10 | 5 | imagenes_mpi/80x80_4p_10ns/imgCPU_OMP_Columnas_res80_4p_10ns_it5.bmp | 0.292335
0.170174
0.161951
0.172809
0.078765
0.095236
0.088945
0.055175
0.058480
0.056272
80x80 | 4 | 10 | 5 | imagenes_mpi/80x80_4p_10ns/imgCPU_OMP_Filas_res80_4p_10ns_it5.bmp | 0.292335
0.170174
0.161951
0.172809
0.078765
0.095236
0.088945
0.055175
0.058480
0.056272
80x80 | 4 | 10 | 5 | imagenes_mpi/80x80_4p_10ns/imgCPU_Serie_res80_4p_10ns_it5.bmp | 0.292335
0.170174
0.161951
0.172809
0.078765
0.095236
0.088945
0.055175
0.058480
0.056272
80x80 | 4 | 10 | 5 | imagenes_mpi/80x80_4p_10ns/imgMPIImgSinReconstruir_res80_4p_10ns_it5.bmp | 0.292335
0.170174
0.161951
0.172809
0.078765
0.095236
0.088945
0.055175
0.058480
0.056272
80x80 | 4 | 10 | 6 | imagenes_mpi/80x80_4p_10ns/imgCPU_MPI_Bloques_res80_4p_10ns_it6.bmp | 0.268467
0.167439
0.170055
0.161173
0.081130
0.097958
0.090467
0.054165
0.058481
0.059178
80x80 | 4 | 10 | 6 | imagenes_mpi/80x80_4p_10ns/imgCPU_MPI_Columnas_res80_4p_10ns_it6.bmp | 0.268467
0.167439
0.170055
0.161173
0.081130
0.097958
0.090467
0.054165
0.058481
0.059178
80x80 | 4 | 10 | 6 | imagenes_mpi/80x80_4p_10ns/imgCPU_MPI_Filas_res80_4p_10ns_it6.bmp | 0.268467
0.167439
0.170055
0.161173
0.081130
0.097958
0.090467
0.054165
0.058481
0.059178
80x80 | 4 | 10 | 6 | imagenes_mpi/80x80_4p_10ns/imgCPU_MPIMP_Bloques_res80_4p_10ns_it6.bmp | 0.268467
0.167439
0.170055
0.161173
0.081130
0.097958
0.090467
0.054165
0.058481
0.059178
80x80 | 4 | 10 | 6 | imagenes_mpi/80x80_4p_10ns/imgCPU_MPIMP_Columnas_res80_4p_10ns_it6.bmp | 0.268467
0.167439
0.170055
0.161173
0.081130
0.097958
0.090467
0.054165
0.058481
0.059178
80x80 | 4 | 10 | 6 | imagenes_mpi/80x80_4p_10ns/imgCPU_MPIMP_Filas_res80_4p_10ns_it6.bmp | 0.268467
0.167439
0.170055
0.161173
0.081130
0.097958
0.090467
0.054165
0.058481
0.059178
80x80 | 4 | 10 | 6 | imagenes_mpi/80x80_4p_10ns/imgCPU_OMP_Bloques_res80_4p_10ns_it6.bmp | 0.268467
0.167439
0.170055
0.161173
0.081130
0.097958
0.090467
0.054165
0.058481
0.059178
80x80 | 4 | 10 | 6 | imagenes_mpi/80x80_4p_10ns/imgCPU_OMP_Columnas_res80_4p_10ns_it6.bmp | 0.268467
0.167439
0.170055
0.161173
0.081130
0.097958
0.090467
0.054165
0.058481
0.059178
80x80 | 4 | 10 | 6 | imagenes_mpi/80x80_4p_10ns/imgCPU_OMP_Filas_res80_4p_10ns_it6.bmp | 0.268467
0.167439
0.170055
0.161173
0.081130
0.097958
0.090467
0.054165
0.058481
0.059178
80x80 | 4 | 10 | 6 | imagenes_mpi/80x80_4p_10ns/imgCPU_Serie_res80_4p_10ns_it6.bmp | 0.268467
0.167439
0.170055
0.161173
0.081130
0.097958
0.090467
0.054165
0.058481
0.059178
80x80 | 4 | 10 | 6 | imagenes_mpi/80x80_4p_10ns/imgMPIImgSinReconstruir_res80_4p_10ns_it6.bmp | 0.268467
0.167439
0.170055
0.161173
0.081130
0.097958
0.090467
0.054165
0.058481
0.059178
80x80 | 4 | 10 | 7 | imagenes_mpi/80x80_4p_10ns/imgCPU_MPI_Bloques_res80_4p_10ns_it7.bmp | 0.282212
0.153072
0.144143
0.160348
0.086636
0.095939
0.091995
0.053842
0.055601
0.054585
80x80 | 4 | 10 | 7 | imagenes_mpi/80x80_4p_10ns/imgCPU_MPI_Columnas_res80_4p_10ns_it7.bmp | 0.282212
0.153072
0.144143
0.160348
0.086636
0.095939
0.091995
0.053842
0.055601
0.054585
80x80 | 4 | 10 | 7 | imagenes_mpi/80x80_4p_10ns/imgCPU_MPI_Filas_res80_4p_10ns_it7.bmp | 0.282212
0.153072
0.144143
0.160348
0.086636
0.095939
0.091995
0.053842
0.055601
0.054585
80x80 | 4 | 10 | 7 | imagenes_mpi/80x80_4p_10ns/imgCPU_MPIMP_Bloques_res80_4p_10ns_it7.bmp | 0.282212
0.153072
0.144143
0.160348
0.086636
0.095939
0.091995
0.053842
0.055601
0.054585
80x80 | 4 | 10 | 7 | imagenes_mpi/80x80_4p_10ns/imgCPU_MPIMP_Columnas_res80_4p_10ns_it7.bmp | 0.282212
0.153072
0.144143
0.160348
0.086636
0.095939
0.091995
0.053842
0.055601
0.054585
80x80 | 4 | 10 | 7 | imagenes_mpi/80x80_4p_10ns/imgCPU_MPIMP_Filas_res80_4p_10ns_it7.bmp | 0.282212
0.153072
0.144143
0.160348
0.086636
0.095939
0.091995
0.053842
0.055601
0.054585
80x80 | 4 | 10 | 7 | imagenes_mpi/80x80_4p_10ns/imgCPU_OMP_Bloques_res80_4p_10ns_it7.bmp | 0.282212
0.153072
0.144143
0.160348
0.086636
0.095939
0.091995
0.053842
0.055601
0.054585
80x80 | 4 | 10 | 7 | imagenes_mpi/80x80_4p_10ns/imgCPU_OMP_Columnas_res80_4p_10ns_it7.bmp | 0.282212
0.153072
0.144143
0.160348
0.086636
0.095939
0.091995
0.053842
0.055601
0.054585
80x80 | 4 | 10 | 7 | imagenes_mpi/80x80_4p_10ns/imgCPU_OMP_Filas_res80_4p_10ns_it7.bmp | 0.282212
0.153072
0.144143
0.160348
0.086636
0.095939
0.091995
0.053842
0.055601
0.054585
80x80 | 4 | 10 | 7 | imagenes_mpi/80x80_4p_10ns/imgCPU_Serie_res80_4p_10ns_it7.bmp | 0.282212
0.153072
0.144143
0.160348
0.086636
0.095939
0.091995
0.053842
0.055601
0.054585
80x80 | 4 | 10 | 7 | imagenes_mpi/80x80_4p_10ns/imgMPIImgSinReconstruir_res80_4p_10ns_it7.bmp | 0.282212
0.153072
0.144143
0.160348
0.086636
0.095939
0.091995
0.053842
0.055601
0.054585
80x80 | 4 | 10 | 8 | imagenes_mpi/80x80_4p_10ns/imgCPU_MPI_Bloques_res80_4p_10ns_it8.bmp | 0.283829
0.169876
0.169318
0.165242
0.080571
0.094296
0.089098
0.055250
0.051217
0.059064
80x80 | 4 | 10 | 8 | imagenes_mpi/80x80_4p_10ns/imgCPU_MPI_Columnas_res80_4p_10ns_it8.bmp | 0.283829
0.169876
0.169318
0.165242
0.080571
0.094296
0.089098
0.055250
0.051217
0.059064
80x80 | 4 | 10 | 8 | imagenes_mpi/80x80_4p_10ns/imgCPU_MPI_Filas_res80_4p_10ns_it8.bmp | 0.283829
0.169876
0.169318
0.165242
0.080571
0.094296
0.089098
0.055250
0.051217
0.059064
80x80 | 4 | 10 | 8 | imagenes_mpi/80x80_4p_10ns/imgCPU_MPIMP_Bloques_res80_4p_10ns_it8.bmp | 0.283829
0.169876
0.169318
0.165242
0.080571
0.094296
0.089098
0.055250
0.051217
0.059064
80x80 | 4 | 10 | 8 | imagenes_mpi/80x80_4p_10ns/imgCPU_MPIMP_Columnas_res80_4p_10ns_it8.bmp | 0.283829
0.169876
0.169318
0.165242
0.080571
0.094296
0.089098
0.055250
0.051217
0.059064
80x80 | 4 | 10 | 8 | imagenes_mpi/80x80_4p_10ns/imgCPU_MPIMP_Filas_res80_4p_10ns_it8.bmp | 0.283829
0.169876
0.169318
0.165242
0.080571
0.094296
0.089098
0.055250
0.051217
0.059064
80x80 | 4 | 10 | 8 | imagenes_mpi/80x80_4p_10ns/imgCPU_OMP_Bloques_res80_4p_10ns_it8.bmp | 0.283829
0.169876
0.169318
0.165242
0.080571
0.094296
0.089098
0.055250
0.051217
0.059064
80x80 | 4 | 10 | 8 | imagenes_mpi/80x80_4p_10ns/imgCPU_OMP_Columnas_res80_4p_10ns_it8.bmp | 0.283829
0.169876
0.169318
0.165242
0.080571
0.094296
0.089098
0.055250
0.051217
0.059064
80x80 | 4 | 10 | 8 | imagenes_mpi/80x80_4p_10ns/imgCPU_OMP_Filas_res80_4p_10ns_it8.bmp | 0.283829
0.169876
0.169318
0.165242
0.080571
0.094296
0.089098
0.055250
0.051217
0.059064
80x80 | 4 | 10 | 8 | imagenes_mpi/80x80_4p_10ns/imgCPU_Serie_res80_4p_10ns_it8.bmp | 0.283829
0.169876
0.169318
0.165242
0.080571
0.094296
0.089098
0.055250
0.051217
0.059064
80x80 | 4 | 10 | 8 | imagenes_mpi/80x80_4p_10ns/imgMPIImgSinReconstruir_res80_4p_10ns_it8.bmp | 0.283829
0.169876
0.169318
0.165242
0.080571
0.094296
0.089098
0.055250
0.051217
0.059064
80x80 | 4 | 10 | 9 | imagenes_mpi/80x80_4p_10ns/imgCPU_MPI_Bloques_res80_4p_10ns_it9.bmp | 0.295350
0.161356
0.149107
0.151747
0.085536
0.093494
0.090187
0.063068
0.057403
0.053817
80x80 | 4 | 10 | 9 | imagenes_mpi/80x80_4p_10ns/imgCPU_MPI_Columnas_res80_4p_10ns_it9.bmp | 0.295350
0.161356
0.149107
0.151747
0.085536
0.093494
0.090187
0.063068
0.057403
0.053817
80x80 | 4 | 10 | 9 | imagenes_mpi/80x80_4p_10ns/imgCPU_MPI_Filas_res80_4p_10ns_it9.bmp | 0.295350
0.161356
0.149107
0.151747
0.085536
0.093494
0.090187
0.063068
0.057403
0.053817
80x80 | 4 | 10 | 9 | imagenes_mpi/80x80_4p_10ns/imgCPU_MPIMP_Bloques_res80_4p_10ns_it9.bmp | 0.295350
0.161356
0.149107
0.151747
0.085536
0.093494
0.090187
0.063068
0.057403
0.053817
80x80 | 4 | 10 | 9 | imagenes_mpi/80x80_4p_10ns/imgCPU_MPIMP_Columnas_res80_4p_10ns_it9.bmp | 0.295350
0.161356
0.149107
0.151747
0.085536
0.093494
0.090187
0.063068
0.057403
0.053817
80x80 | 4 | 10 | 9 | imagenes_mpi/80x80_4p_10ns/imgCPU_MPIMP_Filas_res80_4p_10ns_it9.bmp | 0.295350
0.161356
0.149107
0.151747
0.085536
0.093494
0.090187
0.063068
0.057403
0.053817
80x80 | 4 | 10 | 9 | imagenes_mpi/80x80_4p_10ns/imgCPU_OMP_Bloques_res80_4p_10ns_it9.bmp | 0.295350
0.161356
0.149107
0.151747
0.085536
0.093494
0.090187
0.063068
0.057403
0.053817
80x80 | 4 | 10 | 9 | imagenes_mpi/80x80_4p_10ns/imgCPU_OMP_Columnas_res80_4p_10ns_it9.bmp | 0.295350
0.161356
0.149107
0.151747
0.085536
0.093494
0.090187
0.063068
0.057403
0.053817
80x80 | 4 | 10 | 9 | imagenes_mpi/80x80_4p_10ns/imgCPU_OMP_Filas_res80_4p_10ns_it9.bmp | 0.295350
0.161356
0.149107
0.151747
0.085536
0.093494
0.090187
0.063068
0.057403
0.053817
80x80 | 4 | 10 | 9 | imagenes_mpi/80x80_4p_10ns/imgCPU_Serie_res80_4p_10ns_it9.bmp | 0.295350
0.161356
0.149107
0.151747
0.085536
0.093494
0.090187
0.063068
0.057403
0.053817
80x80 | 4 | 10 | 9 | imagenes_mpi/80x80_4p_10ns/imgMPIImgSinReconstruir_res80_4p_10ns_it9.bmp | 0.295350
0.161356
0.149107
0.151747
0.085536
0.093494
0.090187
0.063068
0.057403
0.053817
80x80 | 4 | 10 | 10 | imagenes_mpi/80x80_4p_10ns/imgCPU_MPI_Bloques_res80_4p_10ns_it10.bmp | 0.276349
0.159940
0.163627
0.175313
0.107129
0.096799
0.089354
0.049966
0.056490
0.053765
80x80 | 4 | 10 | 10 | imagenes_mpi/80x80_4p_10ns/imgCPU_MPI_Columnas_res80_4p_10ns_it10.bmp | 0.276349
0.159940
0.163627
0.175313
0.107129
0.096799
0.089354
0.049966
0.056490
0.053765
80x80 | 4 | 10 | 10 | imagenes_mpi/80x80_4p_10ns/imgCPU_MPI_Filas_res80_4p_10ns_it10.bmp | 0.276349
0.159940
0.163627
0.175313
0.107129
0.096799
0.089354
0.049966
0.056490
0.053765
80x80 | 4 | 10 | 10 | imagenes_mpi/80x80_4p_10ns/imgCPU_MPIMP_Bloques_res80_4p_10ns_it10.bmp | 0.276349
0.159940
0.163627
0.175313
0.107129
0.096799
0.089354
0.049966
0.056490
0.053765
80x80 | 4 | 10 | 10 | imagenes_mpi/80x80_4p_10ns/imgCPU_MPIMP_Columnas_res80_4p_10ns_it10.bmp | 0.276349
0.159940
0.163627
0.175313
0.107129
0.096799
0.089354
0.049966
0.056490
0.053765
80x80 | 4 | 10 | 10 | imagenes_mpi/80x80_4p_10ns/imgCPU_MPIMP_Filas_res80_4p_10ns_it10.bmp | 0.276349
0.159940
0.163627
0.175313
0.107129
0.096799
0.089354
0.049966
0.056490
0.053765
80x80 | 4 | 10 | 10 | imagenes_mpi/80x80_4p_10ns/imgCPU_OMP_Bloques_res80_4p_10ns_it10.bmp | 0.276349
0.159940
0.163627
0.175313
0.107129
0.096799
0.089354
0.049966
0.056490
0.053765
80x80 | 4 | 10 | 10 | imagenes_mpi/80x80_4p_10ns/imgCPU_OMP_Columnas_res80_4p_10ns_it10.bmp | 0.276349
0.159940
0.163627
0.175313
0.107129
0.096799
0.089354
0.049966
0.056490
0.053765
80x80 | 4 | 10 | 10 | imagenes_mpi/80x80_4p_10ns/imgCPU_OMP_Filas_res80_4p_10ns_it10.bmp | 0.276349
0.159940
0.163627
0.175313
0.107129
0.096799
0.089354
0.049966
0.056490
0.053765
80x80 | 4 | 10 | 10 | imagenes_mpi/80x80_4p_10ns/imgCPU_Serie_res80_4p_10ns_it10.bmp | 0.276349
0.159940
0.163627
0.175313
0.107129
0.096799
0.089354
0.049966
0.056490
0.053765
80x80 | 4 | 10 | 10 | imagenes_mpi/80x80_4p_10ns/imgMPIImgSinReconstruir_res80_4p_10ns_it10.bmp | 0.276349
0.159940
0.163627
0.175313
0.107129
0.096799
0.089354
0.049966
0.056490
0.053765
80x80 | 10 | 10 | 1 | imagenes_mpi/80x80_10p_10ns/imgCPU_MPI_Bloques_res80_10p_10ns_it1.bmp | 0.323721
0.160591
0.161552
0.170659
0.069923
0.084977
0.085120
0.066911
0.062035
0.058118
80x80 | 10 | 10 | 1 | imagenes_mpi/80x80_10p_10ns/imgCPU_MPI_Columnas_res80_10p_10ns_it1.bmp | 0.323721
0.160591
0.161552
0.170659
0.069923
0.084977
0.085120
0.066911
0.062035
0.058118
80x80 | 10 | 10 | 1 | imagenes_mpi/80x80_10p_10ns/imgCPU_MPI_Filas_res80_10p_10ns_it1.bmp | 0.323721
0.160591
0.161552
0.170659
0.069923
0.084977
0.085120
0.066911
0.062035
0.058118
80x80 | 10 | 10 | 1 | imagenes_mpi/80x80_10p_10ns/imgCPU_MPIMP_Bloques_res80_10p_10ns_it1.bmp | 0.323721
0.160591
0.161552
0.170659
0.069923
0.084977
0.085120
0.066911
0.062035
0.058118
80x80 | 10 | 10 | 1 | imagenes_mpi/80x80_10p_10ns/imgCPU_MPIMP_Columnas_res80_10p_10ns_it1.bmp | 0.323721
0.160591
0.161552
0.170659
0.069923
0.084977
0.085120
0.066911
0.062035
0.058118
80x80 | 10 | 10 | 1 | imagenes_mpi/80x80_10p_10ns/imgCPU_MPIMP_Filas_res80_10p_10ns_it1.bmp | 0.323721
0.160591
0.161552
0.170659
0.069923
0.084977
0.085120
0.066911
0.062035
0.058118
80x80 | 10 | 10 | 1 | imagenes_mpi/80x80_10p_10ns/imgCPU_OMP_Bloques_res80_10p_10ns_it1.bmp | 0.323721
0.160591
0.161552
0.170659
0.069923
0.084977
0.085120
0.066911
0.062035
0.058118
80x80 | 10 | 10 | 1 | imagenes_mpi/80x80_10p_10ns/imgCPU_OMP_Columnas_res80_10p_10ns_it1.bmp | 0.323721
0.160591
0.161552
0.170659
0.069923
0.084977
0.085120
0.066911
0.062035
0.058118
80x80 | 10 | 10 | 1 | imagenes_mpi/80x80_10p_10ns/imgCPU_OMP_Filas_res80_10p_10ns_it1.bmp | 0.323721
0.160591
0.161552
0.170659
0.069923
0.084977
0.085120
0.066911
0.062035
0.058118
80x80 | 10 | 10 | 1 | imagenes_mpi/80x80_10p_10ns/imgCPU_Serie_res80_10p_10ns_it1.bmp | 0.323721
0.160591
0.161552
0.170659
0.069923
0.084977
0.085120
0.066911
0.062035
0.058118
80x80 | 10 | 10 | 1 | imagenes_mpi/80x80_10p_10ns/imgMPIImgSinReconstruir_res80_10p_10ns_it1.bmp | 0.323721
0.160591
0.161552
0.170659
0.069923
0.084977
0.085120
0.066911
0.062035
0.058118
80x80 | 10 | 10 | 2 | imagenes_mpi/80x80_10p_10ns/imgCPU_MPI_Bloques_res80_10p_10ns_it2.bmp | 0.524457
0.169878
0.195524
0.193741
0.071577
0.080040
0.072870
0.067942
0.052207
0.058639
80x80 | 10 | 10 | 2 | imagenes_mpi/80x80_10p_10ns/imgCPU_MPI_Columnas_res80_10p_10ns_it2.bmp | 0.524457
0.169878
0.195524
0.193741
0.071577
0.080040
0.072870
0.067942
0.052207
0.058639
80x80 | 10 | 10 | 2 | imagenes_mpi/80x80_10p_10ns/imgCPU_MPI_Filas_res80_10p_10ns_it2.bmp | 0.524457
0.169878
0.195524
0.193741
0.071577
0.080040
0.072870
0.067942
0.052207
0.058639
80x80 | 10 | 10 | 2 | imagenes_mpi/80x80_10p_10ns/imgCPU_MPIMP_Bloques_res80_10p_10ns_it2.bmp | 0.524457
0.169878
0.195524
0.193741
0.071577
0.080040
0.072870
0.067942
0.052207
0.058639
80x80 | 10 | 10 | 2 | imagenes_mpi/80x80_10p_10ns/imgCPU_MPIMP_Columnas_res80_10p_10ns_it2.bmp | 0.524457
0.169878
0.195524
0.193741
0.071577
0.080040
0.072870
0.067942
0.052207
0.058639
80x80 | 10 | 10 | 2 | imagenes_mpi/80x80_10p_10ns/imgCPU_MPIMP_Filas_res80_10p_10ns_it2.bmp | 0.524457
0.169878
0.195524
0.193741
0.071577
0.080040
0.072870
0.067942
0.052207
0.058639
80x80 | 10 | 10 | 2 | imagenes_mpi/80x80_10p_10ns/imgCPU_OMP_Bloques_res80_10p_10ns_it2.bmp | 0.524457
0.169878
0.195524
0.193741
0.071577
0.080040
0.072870
0.067942
0.052207
0.058639
80x80 | 10 | 10 | 2 | imagenes_mpi/80x80_10p_10ns/imgCPU_OMP_Columnas_res80_10p_10ns_it2.bmp | 0.524457
0.169878
0.195524
0.193741
0.071577
0.080040
0.072870
0.067942
0.052207
0.058639
80x80 | 10 | 10 | 2 | imagenes_mpi/80x80_10p_10ns/imgCPU_OMP_Filas_res80_10p_10ns_it2.bmp | 0.524457
0.169878
0.195524
0.193741
0.071577
0.080040
0.072870
0.067942
0.052207
0.058639
80x80 | 10 | 10 | 2 | imagenes_mpi/80x80_10p_10ns/imgCPU_Serie_res80_10p_10ns_it2.bmp | 0.524457
0.169878
0.195524
0.193741
0.071577
0.080040
0.072870
0.067942
0.052207
0.058639
80x80 | 10 | 10 | 2 | imagenes_mpi/80x80_10p_10ns/imgMPIImgSinReconstruir_res80_10p_10ns_it2.bmp | 0.524457
0.169878
0.195524
0.193741
0.071577
0.080040
0.072870
0.067942
0.052207
0.058639
80x80 | 10 | 10 | 3 | imagenes_mpi/80x80_10p_10ns/imgCPU_MPI_Bloques_res80_10p_10ns_it3.bmp | 0.354145
0.174156
0.190163
0.172417
0.074871
0.084571
0.068655
0.059021
0.057469
0.054254
80x80 | 10 | 10 | 3 | imagenes_mpi/80x80_10p_10ns/imgCPU_MPI_Columnas_res80_10p_10ns_it3.bmp | 0.354145
0.174156
0.190163
0.172417
0.074871
0.084571
0.068655
0.059021
0.057469
0.054254
80x80 | 10 | 10 | 3 | imagenes_mpi/80x80_10p_10ns/imgCPU_MPI_Filas_res80_10p_10ns_it3.bmp | 0.354145
0.174156
0.190163
0.172417
0.074871
0.084571
0.068655
0.059021
0.057469
0.054254
80x80 | 10 | 10 | 3 | imagenes_mpi/80x80_10p_10ns/imgCPU_MPIMP_Bloques_res80_10p_10ns_it3.bmp | 0.354145
0.174156
0.190163
0.172417
0.074871
0.084571
0.068655
0.059021
0.057469
0.054254
80x80 | 10 | 10 | 3 | imagenes_mpi/80x80_10p_10ns/imgCPU_MPIMP_Columnas_res80_10p_10ns_it3.bmp | 0.354145
0.174156
0.190163
0.172417
0.074871
0.084571
0.068655
0.059021
0.057469
0.054254
80x80 | 10 | 10 | 3 | imagenes_mpi/80x80_10p_10ns/imgCPU_MPIMP_Filas_res80_10p_10ns_it3.bmp | 0.354145
0.174156
0.190163
0.172417
0.074871
0.084571
0.068655
0.059021
0.057469
0.054254
80x80 | 10 | 10 | 3 | imagenes_mpi/80x80_10p_10ns/imgCPU_OMP_Bloques_res80_10p_10ns_it3.bmp | 0.354145
0.174156
0.190163
0.172417
0.074871
0.084571
0.068655
0.059021
0.057469
0.054254
80x80 | 10 | 10 | 3 | imagenes_mpi/80x80_10p_10ns/imgCPU_OMP_Columnas_res80_10p_10ns_it3.bmp | 0.354145
0.174156
0.190163
0.172417
0.074871
0.084571
0.068655
0.059021
0.057469
0.054254
80x80 | 10 | 10 | 3 | imagenes_mpi/80x80_10p_10ns/imgCPU_OMP_Filas_res80_10p_10ns_it3.bmp | 0.354145
0.174156
0.190163
0.172417
0.074871
0.084571
0.068655
0.059021
0.057469
0.054254
80x80 | 10 | 10 | 3 | imagenes_mpi/80x80_10p_10ns/imgCPU_Serie_res80_10p_10ns_it3.bmp | 0.354145
0.174156
0.190163
0.172417
0.074871
0.084571
0.068655
0.059021
0.057469
0.054254
80x80 | 10 | 10 | 3 | imagenes_mpi/80x80_10p_10ns/imgMPIImgSinReconstruir_res80_10p_10ns_it3.bmp | 0.354145
0.174156
0.190163
0.172417
0.074871
0.084571
0.068655
0.059021
0.057469
0.054254
80x80 | 10 | 10 | 4 | imagenes_mpi/80x80_10p_10ns/imgCPU_MPI_Bloques_res80_10p_10ns_it4.bmp | 0.344444
0.159202
0.177092
0.180519
0.064374
0.073423
0.078997
0.055878
0.051548
0.046488
80x80 | 10 | 10 | 4 | imagenes_mpi/80x80_10p_10ns/imgCPU_MPI_Columnas_res80_10p_10ns_it4.bmp | 0.344444
0.159202
0.177092
0.180519
0.064374
0.073423
0.078997
0.055878
0.051548
0.046488
80x80 | 10 | 10 | 4 | imagenes_mpi/80x80_10p_10ns/imgCPU_MPI_Filas_res80_10p_10ns_it4.bmp | 0.344444
0.159202
0.177092
0.180519
0.064374
0.073423
0.078997
0.055878
0.051548
0.046488
80x80 | 10 | 10 | 4 | imagenes_mpi/80x80_10p_10ns/imgCPU_MPIMP_Bloques_res80_10p_10ns_it4.bmp | 0.344444
0.159202
0.177092
0.180519
0.064374
0.073423
0.078997
0.055878
0.051548
0.046488
80x80 | 10 | 10 | 4 | imagenes_mpi/80x80_10p_10ns/imgCPU_MPIMP_Columnas_res80_10p_10ns_it4.bmp | 0.344444
0.159202
0.177092
0.180519
0.064374
0.073423
0.078997
0.055878
0.051548
0.046488
80x80 | 10 | 10 | 4 | imagenes_mpi/80x80_10p_10ns/imgCPU_MPIMP_Filas_res80_10p_10ns_it4.bmp | 0.344444
0.159202
0.177092
0.180519
0.064374
0.073423
0.078997
0.055878
0.051548
0.046488
80x80 | 10 | 10 | 4 | imagenes_mpi/80x80_10p_10ns/imgCPU_OMP_Bloques_res80_10p_10ns_it4.bmp | 0.344444
0.159202
0.177092
0.180519
0.064374
0.073423
0.078997
0.055878
0.051548
0.046488
80x80 | 10 | 10 | 4 | imagenes_mpi/80x80_10p_10ns/imgCPU_OMP_Columnas_res80_10p_10ns_it4.bmp | 0.344444
0.159202
0.177092
0.180519
0.064374
0.073423
0.078997
0.055878
0.051548
0.046488
80x80 | 10 | 10 | 4 | imagenes_mpi/80x80_10p_10ns/imgCPU_OMP_Filas_res80_10p_10ns_it4.bmp | 0.344444
0.159202
0.177092
0.180519
0.064374
0.073423
0.078997
0.055878
0.051548
0.046488
80x80 | 10 | 10 | 4 | imagenes_mpi/80x80_10p_10ns/imgCPU_Serie_res80_10p_10ns_it4.bmp | 0.344444
0.159202
0.177092
0.180519
0.064374
0.073423
0.078997
0.055878
0.051548
0.046488
80x80 | 10 | 10 | 4 | imagenes_mpi/80x80_10p_10ns/imgMPIImgSinReconstruir_res80_10p_10ns_it4.bmp | 0.344444
0.159202
0.177092
0.180519
0.064374
0.073423
0.078997
0.055878
0.051548
0.046488
80x80 | 10 | 10 | 5 | imagenes_mpi/80x80_10p_10ns/imgCPU_MPI_Bloques_res80_10p_10ns_it5.bmp | 0.327578
0.164354
0.152565
0.180790
0.069023
0.078291
0.078321
0.063314
0.053014
0.056078
80x80 | 10 | 10 | 5 | imagenes_mpi/80x80_10p_10ns/imgCPU_MPI_Columnas_res80_10p_10ns_it5.bmp | 0.327578
0.164354
0.152565
0.180790
0.069023
0.078291
0.078321
0.063314
0.053014
0.056078
80x80 | 10 | 10 | 5 | imagenes_mpi/80x80_10p_10ns/imgCPU_MPI_Filas_res80_10p_10ns_it5.bmp | 0.327578
0.164354
0.152565
0.180790
0.069023
0.078291
0.078321
0.063314
0.053014
0.056078
80x80 | 10 | 10 | 5 | imagenes_mpi/80x80_10p_10ns/imgCPU_MPIMP_Bloques_res80_10p_10ns_it5.bmp | 0.327578
0.164354
0.152565
0.180790
0.069023
0.078291
0.078321
0.063314
0.053014
0.056078
80x80 | 10 | 10 | 5 | imagenes_mpi/80x80_10p_10ns/imgCPU_MPIMP_Columnas_res80_10p_10ns_it5.bmp | 0.327578
0.164354
0.152565
0.180790
0.069023
0.078291
0.078321
0.063314
0.053014
0.056078
80x80 | 10 | 10 | 5 | imagenes_mpi/80x80_10p_10ns/imgCPU_MPIMP_Filas_res80_10p_10ns_it5.bmp | 0.327578
0.164354
0.152565
0.180790
0.069023
0.078291
0.078321
0.063314
0.053014
0.056078
80x80 | 10 | 10 | 5 | imagenes_mpi/80x80_10p_10ns/imgCPU_OMP_Bloques_res80_10p_10ns_it5.bmp | 0.327578
0.164354
0.152565
0.180790
0.069023
0.078291
0.078321
0.063314
0.053014
0.056078
80x80 | 10 | 10 | 5 | imagenes_mpi/80x80_10p_10ns/imgCPU_OMP_Columnas_res80_10p_10ns_it5.bmp | 0.327578
0.164354
0.152565
0.180790
0.069023
0.078291
0.078321
0.063314
0.053014
0.056078
80x80 | 10 | 10 | 5 | imagenes_mpi/80x80_10p_10ns/imgCPU_OMP_Filas_res80_10p_10ns_it5.bmp | 0.327578
0.164354
0.152565
0.180790
0.069023
0.078291
0.078321
0.063314
0.053014
0.056078
80x80 | 10 | 10 | 5 | imagenes_mpi/80x80_10p_10ns/imgCPU_Serie_res80_10p_10ns_it5.bmp | 0.327578
0.164354
0.152565
0.180790
0.069023
0.078291
0.078321
0.063314
0.053014
0.056078
80x80 | 10 | 10 | 5 | imagenes_mpi/80x80_10p_10ns/imgMPIImgSinReconstruir_res80_10p_10ns_it5.bmp | 0.327578
0.164354
0.152565
0.180790
0.069023
0.078291
0.078321
0.063314
0.053014
0.056078
80x80 | 10 | 10 | 6 | imagenes_mpi/80x80_10p_10ns/imgCPU_MPI_Bloques_res80_10p_10ns_it6.bmp | 0.353865
0.166542
0.177818
0.171876
0.067460
0.085077
0.080021
0.057853
0.049481
0.044382
80x80 | 10 | 10 | 6 | imagenes_mpi/80x80_10p_10ns/imgCPU_MPI_Columnas_res80_10p_10ns_it6.bmp | 0.353865
0.166542
0.177818
0.171876
0.067460
0.085077
0.080021
0.057853
0.049481
0.044382
80x80 | 10 | 10 | 6 | imagenes_mpi/80x80_10p_10ns/imgCPU_MPI_Filas_res80_10p_10ns_it6.bmp | 0.353865
0.166542
0.177818
0.171876
0.067460
0.085077
0.080021
0.057853
0.049481
0.044382
80x80 | 10 | 10 | 6 | imagenes_mpi/80x80_10p_10ns/imgCPU_MPIMP_Bloques_res80_10p_10ns_it6.bmp | 0.353865
0.166542
0.177818
0.171876
0.067460
0.085077
0.080021
0.057853
0.049481
0.044382
80x80 | 10 | 10 | 6 | imagenes_mpi/80x80_10p_10ns/imgCPU_MPIMP_Columnas_res80_10p_10ns_it6.bmp | 0.353865
0.166542
0.177818
0.171876
0.067460
0.085077
0.080021
0.057853
0.049481
0.044382
80x80 | 10 | 10 | 6 | imagenes_mpi/80x80_10p_10ns/imgCPU_MPIMP_Filas_res80_10p_10ns_it6.bmp | 0.353865
0.166542
0.177818
0.171876
0.067460
0.085077
0.080021
0.057853
0.049481
0.044382
80x80 | 10 | 10 | 6 | imagenes_mpi/80x80_10p_10ns/imgCPU_OMP_Bloques_res80_10p_10ns_it6.bmp | 0.353865
0.166542
0.177818
0.171876
0.067460
0.085077
0.080021
0.057853
0.049481
0.044382
80x80 | 10 | 10 | 6 | imagenes_mpi/80x80_10p_10ns/imgCPU_OMP_Columnas_res80_10p_10ns_it6.bmp | 0.353865
0.166542
0.177818
0.171876
0.067460
0.085077
0.080021
0.057853
0.049481
0.044382
80x80 | 10 | 10 | 6 | imagenes_mpi/80x80_10p_10ns/imgCPU_OMP_Filas_res80_10p_10ns_it6.bmp | 0.353865
0.166542
0.177818
0.171876
0.067460
0.085077
0.080021
0.057853
0.049481
0.044382
80x80 | 10 | 10 | 6 | imagenes_mpi/80x80_10p_10ns/imgCPU_Serie_res80_10p_10ns_it6.bmp | 0.353865
0.166542
0.177818
0.171876
0.067460
0.085077
0.080021
0.057853
0.049481
0.044382
80x80 | 10 | 10 | 6 | imagenes_mpi/80x80_10p_10ns/imgMPIImgSinReconstruir_res80_10p_10ns_it6.bmp | 0.353865
0.166542
0.177818
0.171876
0.067460
0.085077
0.080021
0.057853
0.049481
0.044382
80x80 | 10 | 10 | 7 | imagenes_mpi/80x80_10p_10ns/imgCPU_MPI_Bloques_res80_10p_10ns_it7.bmp | 0.505940
0.180149
0.175837
0.176602
0.070434
0.076500
0.084268
0.066237
0.056184
0.050918
80x80 | 10 | 10 | 7 | imagenes_mpi/80x80_10p_10ns/imgCPU_MPI_Columnas_res80_10p_10ns_it7.bmp | 0.505940
0.180149
0.175837
0.176602
0.070434
0.076500
0.084268
0.066237
0.056184
0.050918
80x80 | 10 | 10 | 7 | imagenes_mpi/80x80_10p_10ns/imgCPU_MPI_Filas_res80_10p_10ns_it7.bmp | 0.505940
0.180149
0.175837
0.176602
0.070434
0.076500
0.084268
0.066237
0.056184
0.050918
80x80 | 10 | 10 | 7 | imagenes_mpi/80x80_10p_10ns/imgCPU_MPIMP_Bloques_res80_10p_10ns_it7.bmp | 0.505940
0.180149
0.175837
0.176602
0.070434
0.076500
0.084268
0.066237
0.056184
0.050918
80x80 | 10 | 10 | 7 | imagenes_mpi/80x80_10p_10ns/imgCPU_MPIMP_Columnas_res80_10p_10ns_it7.bmp | 0.505940
0.180149
0.175837
0.176602
0.070434
0.076500
0.084268
0.066237
0.056184
0.050918
80x80 | 10 | 10 | 7 | imagenes_mpi/80x80_10p_10ns/imgCPU_MPIMP_Filas_res80_10p_10ns_it7.bmp | 0.505940
0.180149
0.175837
0.176602
0.070434
0.076500
0.084268
0.066237
0.056184
0.050918
80x80 | 10 | 10 | 7 | imagenes_mpi/80x80_10p_10ns/imgCPU_OMP_Bloques_res80_10p_10ns_it7.bmp | 0.505940
0.180149
0.175837
0.176602
0.070434
0.076500
0.084268
0.066237
0.056184
0.050918
80x80 | 10 | 10 | 7 | imagenes_mpi/80x80_10p_10ns/imgCPU_OMP_Columnas_res80_10p_10ns_it7.bmp | 0.505940
0.180149
0.175837
0.176602
0.070434
0.076500
0.084268
0.066237
0.056184
0.050918
80x80 | 10 | 10 | 7 | imagenes_mpi/80x80_10p_10ns/imgCPU_OMP_Filas_res80_10p_10ns_it7.bmp | 0.505940
0.180149
0.175837
0.176602
0.070434
0.076500
0.084268
0.066237
0.056184
0.050918
80x80 | 10 | 10 | 7 | imagenes_mpi/80x80_10p_10ns/imgCPU_Serie_res80_10p_10ns_it7.bmp | 0.505940
0.180149
0.175837
0.176602
0.070434
0.076500
0.084268
0.066237
0.056184
0.050918
80x80 | 10 | 10 | 7 | imagenes_mpi/80x80_10p_10ns/imgMPIImgSinReconstruir_res80_10p_10ns_it7.bmp | 0.505940
0.180149
0.175837
0.176602
0.070434
0.076500
0.084268
0.066237
0.056184
0.050918
80x80 | 10 | 10 | 8 | imagenes_mpi/80x80_10p_10ns/imgCPU_MPI_Bloques_res80_10p_10ns_it8.bmp | 0.345877
0.165272
0.185220
0.170921
0.077023
0.079908
0.081333
0.062252
0.050018
0.053919
80x80 | 10 | 10 | 8 | imagenes_mpi/80x80_10p_10ns/imgCPU_MPI_Columnas_res80_10p_10ns_it8.bmp | 0.345877
0.165272
0.185220
0.170921
0.077023
0.079908
0.081333
0.062252
0.050018
0.053919
80x80 | 10 | 10 | 8 | imagenes_mpi/80x80_10p_10ns/imgCPU_MPI_Filas_res80_10p_10ns_it8.bmp | 0.345877
0.165272
0.185220
0.170921
0.077023
0.079908
0.081333
0.062252
0.050018
0.053919
80x80 | 10 | 10 | 8 | imagenes_mpi/80x80_10p_10ns/imgCPU_MPIMP_Bloques_res80_10p_10ns_it8.bmp | 0.345877
0.165272
0.185220
0.170921
0.077023
0.079908
0.081333
0.062252
0.050018
0.053919
80x80 | 10 | 10 | 8 | imagenes_mpi/80x80_10p_10ns/imgCPU_MPIMP_Columnas_res80_10p_10ns_it8.bmp | 0.345877
0.165272
0.185220
0.170921
0.077023
0.079908
0.081333
0.062252
0.050018
0.053919
80x80 | 10 | 10 | 8 | imagenes_mpi/80x80_10p_10ns/imgCPU_MPIMP_Filas_res80_10p_10ns_it8.bmp | 0.345877
0.165272
0.185220
0.170921
0.077023
0.079908
0.081333
0.062252
0.050018
0.053919
80x80 | 10 | 10 | 8 | imagenes_mpi/80x80_10p_10ns/imgCPU_OMP_Bloques_res80_10p_10ns_it8.bmp | 0.345877
0.165272
0.185220
0.170921
0.077023
0.079908
0.081333
0.062252
0.050018
0.053919
80x80 | 10 | 10 | 8 | imagenes_mpi/80x80_10p_10ns/imgCPU_OMP_Columnas_res80_10p_10ns_it8.bmp | 0.345877
0.165272
0.185220
0.170921
0.077023
0.079908
0.081333
0.062252
0.050018
0.053919
80x80 | 10 | 10 | 8 | imagenes_mpi/80x80_10p_10ns/imgCPU_OMP_Filas_res80_10p_10ns_it8.bmp | 0.345877
0.165272
0.185220
0.170921
0.077023
0.079908
0.081333
0.062252
0.050018
0.053919
80x80 | 10 | 10 | 8 | imagenes_mpi/80x80_10p_10ns/imgCPU_Serie_res80_10p_10ns_it8.bmp | 0.345877
0.165272
0.185220
0.170921
0.077023
0.079908
0.081333
0.062252
0.050018
0.053919
80x80 | 10 | 10 | 8 | imagenes_mpi/80x80_10p_10ns/imgMPIImgSinReconstruir_res80_10p_10ns_it8.bmp | 0.345877
0.165272
0.185220
0.170921
0.077023
0.079908
0.081333
0.062252
0.050018
0.053919
80x80 | 10 | 10 | 9 | imagenes_mpi/80x80_10p_10ns/imgCPU_MPI_Bloques_res80_10p_10ns_it9.bmp | 0.509300
0.163659
0.174316
0.175249
0.069571
0.076844
0.083666
0.060560
0.051583
0.059553
80x80 | 10 | 10 | 9 | imagenes_mpi/80x80_10p_10ns/imgCPU_MPI_Columnas_res80_10p_10ns_it9.bmp | 0.509300
0.163659
0.174316
0.175249
0.069571
0.076844
0.083666
0.060560
0.051583
0.059553
80x80 | 10 | 10 | 9 | imagenes_mpi/80x80_10p_10ns/imgCPU_MPI_Filas_res80_10p_10ns_it9.bmp | 0.509300
0.163659
0.174316
0.175249
0.069571
0.076844
0.083666
0.060560
0.051583
0.059553
80x80 | 10 | 10 | 9 | imagenes_mpi/80x80_10p_10ns/imgCPU_MPIMP_Bloques_res80_10p_10ns_it9.bmp | 0.509300
0.163659
0.174316
0.175249
0.069571
0.076844
0.083666
0.060560
0.051583
0.059553
80x80 | 10 | 10 | 9 | imagenes_mpi/80x80_10p_10ns/imgCPU_MPIMP_Columnas_res80_10p_10ns_it9.bmp | 0.509300
0.163659
0.174316
0.175249
0.069571
0.076844
0.083666
0.060560
0.051583
0.059553
80x80 | 10 | 10 | 9 | imagenes_mpi/80x80_10p_10ns/imgCPU_MPIMP_Filas_res80_10p_10ns_it9.bmp | 0.509300
0.163659
0.174316
0.175249
0.069571
0.076844
0.083666
0.060560
0.051583
0.059553
80x80 | 10 | 10 | 9 | imagenes_mpi/80x80_10p_10ns/imgCPU_OMP_Bloques_res80_10p_10ns_it9.bmp | 0.509300
0.163659
0.174316
0.175249
0.069571
0.076844
0.083666
0.060560
0.051583
0.059553
80x80 | 10 | 10 | 9 | imagenes_mpi/80x80_10p_10ns/imgCPU_OMP_Columnas_res80_10p_10ns_it9.bmp | 0.509300
0.163659
0.174316
0.175249
0.069571
0.076844
0.083666
0.060560
0.051583
0.059553
80x80 | 10 | 10 | 9 | imagenes_mpi/80x80_10p_10ns/imgCPU_OMP_Filas_res80_10p_10ns_it9.bmp | 0.509300
0.163659
0.174316
0.175249
0.069571
0.076844
0.083666
0.060560
0.051583
0.059553
80x80 | 10 | 10 | 9 | imagenes_mpi/80x80_10p_10ns/imgCPU_Serie_res80_10p_10ns_it9.bmp | 0.509300
0.163659
0.174316
0.175249
0.069571
0.076844
0.083666
0.060560
0.051583
0.059553
80x80 | 10 | 10 | 9 | imagenes_mpi/80x80_10p_10ns/imgMPIImgSinReconstruir_res80_10p_10ns_it9.bmp | 0.509300
0.163659
0.174316
0.175249
0.069571
0.076844
0.083666
0.060560
0.051583
0.059553
80x80 | 10 | 10 | 10 | imagenes_mpi/80x80_10p_10ns/imgCPU_MPI_Bloques_res80_10p_10ns_it10.bmp | 0.518933
0.164644
0.165050
0.183906
0.066113
0.078209
0.088040
0.059270
0.055069
0.053180
80x80 | 10 | 10 | 10 | imagenes_mpi/80x80_10p_10ns/imgCPU_MPI_Columnas_res80_10p_10ns_it10.bmp | 0.518933
0.164644
0.165050
0.183906
0.066113
0.078209
0.088040
0.059270
0.055069
0.053180
80x80 | 10 | 10 | 10 | imagenes_mpi/80x80_10p_10ns/imgCPU_MPI_Filas_res80_10p_10ns_it10.bmp | 0.518933
0.164644
0.165050
0.183906
0.066113
0.078209
0.088040
0.059270
0.055069
0.053180
80x80 | 10 | 10 | 10 | imagenes_mpi/80x80_10p_10ns/imgCPU_MPIMP_Bloques_res80_10p_10ns_it10.bmp | 0.518933
0.164644
0.165050
0.183906
0.066113
0.078209
0.088040
0.059270
0.055069
0.053180
80x80 | 10 | 10 | 10 | imagenes_mpi/80x80_10p_10ns/imgCPU_MPIMP_Columnas_res80_10p_10ns_it10.bmp | 0.518933
0.164644
0.165050
0.183906
0.066113
0.078209
0.088040
0.059270
0.055069
0.053180
80x80 | 10 | 10 | 10 | imagenes_mpi/80x80_10p_10ns/imgCPU_MPIMP_Filas_res80_10p_10ns_it10.bmp | 0.518933
0.164644
0.165050
0.183906
0.066113
0.078209
0.088040
0.059270
0.055069
0.053180
80x80 | 10 | 10 | 10 | imagenes_mpi/80x80_10p_10ns/imgCPU_OMP_Bloques_res80_10p_10ns_it10.bmp | 0.518933
0.164644
0.165050
0.183906
0.066113
0.078209
0.088040
0.059270
0.055069
0.053180
80x80 | 10 | 10 | 10 | imagenes_mpi/80x80_10p_10ns/imgCPU_OMP_Columnas_res80_10p_10ns_it10.bmp | 0.518933
0.164644
0.165050
0.183906
0.066113
0.078209
0.088040
0.059270
0.055069
0.053180
80x80 | 10 | 10 | 10 | imagenes_mpi/80x80_10p_10ns/imgCPU_OMP_Filas_res80_10p_10ns_it10.bmp | 0.518933
0.164644
0.165050
0.183906
0.066113
0.078209
0.088040
0.059270
0.055069
0.053180
80x80 | 10 | 10 | 10 | imagenes_mpi/80x80_10p_10ns/imgCPU_Serie_res80_10p_10ns_it10.bmp | 0.518933
0.164644
0.165050
0.183906
0.066113
0.078209
0.088040
0.059270
0.055069
0.053180
80x80 | 10 | 10 | 10 | imagenes_mpi/80x80_10p_10ns/imgMPIImgSinReconstruir_res80_10p_10ns_it10.bmp | 0.518933
0.164644
0.165050
0.183906
0.066113
0.078209
0.088040
0.059270
0.055069
0.053180
80x80 | 2 | 50 | 1 | imagenes_mpi/80x80_2p_50ns/imgCPU_MPI_Bloques_res80_2p_50ns_it1.bmp | 1.446809
1.380228
1.363263
1.358322
0.732090
0.805385
0.810532
0.692958
0.763038
0.769110
80x80 | 2 | 50 | 1 | imagenes_mpi/80x80_2p_50ns/imgCPU_MPI_Columnas_res80_2p_50ns_it1.bmp | 1.446809
1.380228
1.363263
1.358322
0.732090
0.805385
0.810532
0.692958
0.763038
0.769110
80x80 | 2 | 50 | 1 | imagenes_mpi/80x80_2p_50ns/imgCPU_MPI_Filas_res80_2p_50ns_it1.bmp | 1.446809
1.380228
1.363263
1.358322
0.732090
0.805385
0.810532
0.692958
0.763038
0.769110
80x80 | 2 | 50 | 1 | imagenes_mpi/80x80_2p_50ns/imgCPU_MPIMP_Bloques_res80_2p_50ns_it1.bmp | 1.446809
1.380228
1.363263
1.358322
0.732090
0.805385
0.810532
0.692958
0.763038
0.769110
80x80 | 2 | 50 | 1 | imagenes_mpi/80x80_2p_50ns/imgCPU_MPIMP_Columnas_res80_2p_50ns_it1.bmp | 1.446809
1.380228
1.363263
1.358322
0.732090
0.805385
0.810532
0.692958
0.763038
0.769110
80x80 | 2 | 50 | 1 | imagenes_mpi/80x80_2p_50ns/imgCPU_MPIMP_Filas_res80_2p_50ns_it1.bmp | 1.446809
1.380228
1.363263
1.358322
0.732090
0.805385
0.810532
0.692958
0.763038
0.769110
80x80 | 2 | 50 | 1 | imagenes_mpi/80x80_2p_50ns/imgCPU_OMP_Bloques_res80_2p_50ns_it1.bmp | 1.446809
1.380228
1.363263
1.358322
0.732090
0.805385
0.810532
0.692958
0.763038
0.769110
80x80 | 2 | 50 | 1 | imagenes_mpi/80x80_2p_50ns/imgCPU_OMP_Columnas_res80_2p_50ns_it1.bmp | 1.446809
1.380228
1.363263
1.358322
0.732090
0.805385
0.810532
0.692958
0.763038
0.769110
80x80 | 2 | 50 | 1 | imagenes_mpi/80x80_2p_50ns/imgCPU_OMP_Filas_res80_2p_50ns_it1.bmp | 1.446809
1.380228
1.363263
1.358322
0.732090
0.805385
0.810532
0.692958
0.763038
0.769110
80x80 | 2 | 50 | 1 | imagenes_mpi/80x80_2p_50ns/imgCPU_Serie_res80_2p_50ns_it1.bmp | 1.446809
1.380228
1.363263
1.358322
0.732090
0.805385
0.810532
0.692958
0.763038
0.769110
80x80 | 2 | 50 | 1 | imagenes_mpi/80x80_2p_50ns/imgMPIImgSinReconstruir_res80_2p_50ns_it1.bmp | 1.446809
1.380228
1.363263
1.358322
0.732090
0.805385
0.810532
0.692958
0.763038
0.769110
80x80 | 2 | 50 | 2 | imagenes_mpi/80x80_2p_50ns/imgCPU_MPI_Bloques_res80_2p_50ns_it2.bmp | 1.343897
1.369115
1.365248
1.335133
0.736775
0.807899
0.803947
0.696752
0.764941
0.766908
80x80 | 2 | 50 | 2 | imagenes_mpi/80x80_2p_50ns/imgCPU_MPI_Columnas_res80_2p_50ns_it2.bmp | 1.343897
1.369115
1.365248
1.335133
0.736775
0.807899
0.803947
0.696752
0.764941
0.766908
80x80 | 2 | 50 | 2 | imagenes_mpi/80x80_2p_50ns/imgCPU_MPI_Filas_res80_2p_50ns_it2.bmp | 1.343897
1.369115
1.365248
1.335133
0.736775
0.807899
0.803947
0.696752
0.764941
0.766908
80x80 | 2 | 50 | 2 | imagenes_mpi/80x80_2p_50ns/imgCPU_MPIMP_Bloques_res80_2p_50ns_it2.bmp | 1.343897
1.369115
1.365248
1.335133
0.736775
0.807899
0.803947
0.696752
0.764941
0.766908
80x80 | 2 | 50 | 2 | imagenes_mpi/80x80_2p_50ns/imgCPU_MPIMP_Columnas_res80_2p_50ns_it2.bmp | 1.343897
1.369115
1.365248
1.335133
0.736775
0.807899
0.803947
0.696752
0.764941
0.766908
80x80 | 2 | 50 | 2 | imagenes_mpi/80x80_2p_50ns/imgCPU_MPIMP_Filas_res80_2p_50ns_it2.bmp | 1.343897
1.369115
1.365248
1.335133
0.736775
0.807899
0.803947
0.696752
0.764941
0.766908
80x80 | 2 | 50 | 2 | imagenes_mpi/80x80_2p_50ns/imgCPU_OMP_Bloques_res80_2p_50ns_it2.bmp | 1.343897
1.369115
1.365248
1.335133
0.736775
0.807899
0.803947
0.696752
0.764941
0.766908
80x80 | 2 | 50 | 2 | imagenes_mpi/80x80_2p_50ns/imgCPU_OMP_Columnas_res80_2p_50ns_it2.bmp | 1.343897
1.369115
1.365248
1.335133
0.736775
0.807899
0.803947
0.696752
0.764941
0.766908
80x80 | 2 | 50 | 2 | imagenes_mpi/80x80_2p_50ns/imgCPU_OMP_Filas_res80_2p_50ns_it2.bmp | 1.343897
1.369115
1.365248
1.335133
0.736775
0.807899
0.803947
0.696752
0.764941
0.766908
80x80 | 2 | 50 | 2 | imagenes_mpi/80x80_2p_50ns/imgCPU_Serie_res80_2p_50ns_it2.bmp | 1.343897
1.369115
1.365248
1.335133
0.736775
0.807899
0.803947
0.696752
0.764941
0.766908
80x80 | 2 | 50 | 2 | imagenes_mpi/80x80_2p_50ns/imgMPIImgSinReconstruir_res80_2p_50ns_it2.bmp | 1.343897
1.369115
1.365248
1.335133
0.736775
0.807899
0.803947
0.696752
0.764941
0.766908
80x80 | 2 | 50 | 3 | imagenes_mpi/80x80_2p_50ns/imgCPU_MPI_Bloques_res80_2p_50ns_it3.bmp | 1.359478
1.341053
1.348303
1.365619
0.686289
0.746103
0.756464
0.660421
0.747703
0.747441
80x80 | 2 | 50 | 3 | imagenes_mpi/80x80_2p_50ns/imgCPU_MPI_Columnas_res80_2p_50ns_it3.bmp | 1.359478
1.341053
1.348303
1.365619
0.686289
0.746103
0.756464
0.660421
0.747703
0.747441
80x80 | 2 | 50 | 3 | imagenes_mpi/80x80_2p_50ns/imgCPU_MPI_Filas_res80_2p_50ns_it3.bmp | 1.359478
1.341053
1.348303
1.365619
0.686289
0.746103
0.756464
0.660421
0.747703
0.747441
80x80 | 2 | 50 | 3 | imagenes_mpi/80x80_2p_50ns/imgCPU_MPIMP_Bloques_res80_2p_50ns_it3.bmp | 1.359478
1.341053
1.348303
1.365619
0.686289
0.746103
0.756464
0.660421
0.747703
0.747441
80x80 | 2 | 50 | 3 | imagenes_mpi/80x80_2p_50ns/imgCPU_MPIMP_Columnas_res80_2p_50ns_it3.bmp | 1.359478
1.341053
1.348303
1.365619
0.686289
0.746103
0.756464
0.660421
0.747703
0.747441
80x80 | 2 | 50 | 3 | imagenes_mpi/80x80_2p_50ns/imgCPU_MPIMP_Filas_res80_2p_50ns_it3.bmp | 1.359478
1.341053
1.348303
1.365619
0.686289
0.746103
0.756464
0.660421
0.747703
0.747441
80x80 | 2 | 50 | 3 | imagenes_mpi/80x80_2p_50ns/imgCPU_OMP_Bloques_res80_2p_50ns_it3.bmp | 1.359478
1.341053
1.348303
1.365619
0.686289
0.746103
0.756464
0.660421
0.747703
0.747441
80x80 | 2 | 50 | 3 | imagenes_mpi/80x80_2p_50ns/imgCPU_OMP_Columnas_res80_2p_50ns_it3.bmp | 1.359478
1.341053
1.348303
1.365619
0.686289
0.746103
0.756464
0.660421
0.747703
0.747441
80x80 | 2 | 50 | 3 | imagenes_mpi/80x80_2p_50ns/imgCPU_OMP_Filas_res80_2p_50ns_it3.bmp | 1.359478
1.341053
1.348303
1.365619
0.686289
0.746103
0.756464
0.660421
0.747703
0.747441
80x80 | 2 | 50 | 3 | imagenes_mpi/80x80_2p_50ns/imgCPU_Serie_res80_2p_50ns_it3.bmp | 1.359478
1.341053
1.348303
1.365619
0.686289
0.746103
0.756464
0.660421
0.747703
0.747441
80x80 | 2 | 50 | 3 | imagenes_mpi/80x80_2p_50ns/imgMPIImgSinReconstruir_res80_2p_50ns_it3.bmp | 1.359478
1.341053
1.348303
1.365619
0.686289
0.746103
0.756464
0.660421
0.747703
0.747441
80x80 | 2 | 50 | 4 | imagenes_mpi/80x80_2p_50ns/imgCPU_MPI_Bloques_res80_2p_50ns_it4.bmp | 1.355608
1.290141
1.335061
1.310083
0.704041
0.756034
0.740463
0.670994
0.742538
0.749577
80x80 | 2 | 50 | 4 | imagenes_mpi/80x80_2p_50ns/imgCPU_MPI_Columnas_res80_2p_50ns_it4.bmp | 1.355608
1.290141
1.335061
1.310083
0.704041
0.756034
0.740463
0.670994
0.742538
0.749577
80x80 | 2 | 50 | 4 | imagenes_mpi/80x80_2p_50ns/imgCPU_MPI_Filas_res80_2p_50ns_it4.bmp | 1.355608
1.290141
1.335061
1.310083
0.704041
0.756034
0.740463
0.670994
0.742538
0.749577
80x80 | 2 | 50 | 4 | imagenes_mpi/80x80_2p_50ns/imgCPU_MPIMP_Bloques_res80_2p_50ns_it4.bmp | 1.355608
1.290141
1.335061
1.310083
0.704041
0.756034
0.740463
0.670994
0.742538
0.749577
80x80 | 2 | 50 | 4 | imagenes_mpi/80x80_2p_50ns/imgCPU_MPIMP_Columnas_res80_2p_50ns_it4.bmp | 1.355608
1.290141
1.335061
1.310083
0.704041
0.756034
0.740463
0.670994
0.742538
0.749577
80x80 | 2 | 50 | 4 | imagenes_mpi/80x80_2p_50ns/imgCPU_MPIMP_Filas_res80_2p_50ns_it4.bmp | 1.355608
1.290141
1.335061
1.310083
0.704041
0.756034
0.740463
0.670994
0.742538
0.749577
80x80 | 2 | 50 | 4 | imagenes_mpi/80x80_2p_50ns/imgCPU_OMP_Bloques_res80_2p_50ns_it4.bmp | 1.355608
1.290141
1.335061
1.310083
0.704041
0.756034
0.740463
0.670994
0.742538
0.749577
80x80 | 2 | 50 | 4 | imagenes_mpi/80x80_2p_50ns/imgCPU_OMP_Columnas_res80_2p_50ns_it4.bmp | 1.355608
1.290141
1.335061
1.310083
0.704041
0.756034
0.740463
0.670994
0.742538
0.749577
80x80 | 2 | 50 | 4 | imagenes_mpi/80x80_2p_50ns/imgCPU_OMP_Filas_res80_2p_50ns_it4.bmp | 1.355608
1.290141
1.335061
1.310083
0.704041
0.756034
0.740463
0.670994
0.742538
0.749577
80x80 | 2 | 50 | 4 | imagenes_mpi/80x80_2p_50ns/imgCPU_Serie_res80_2p_50ns_it4.bmp | 1.355608
1.290141
1.335061
1.310083
0.704041
0.756034
0.740463
0.670994
0.742538
0.749577
80x80 | 2 | 50 | 4 | imagenes_mpi/80x80_2p_50ns/imgMPIImgSinReconstruir_res80_2p_50ns_it4.bmp | 1.355608
1.290141
1.335061
1.310083
0.704041
0.756034
0.740463
0.670994
0.742538
0.749577
80x80 | 2 | 50 | 5 | imagenes_mpi/80x80_2p_50ns/imgCPU_MPI_Bloques_res80_2p_50ns_it5.bmp | 1.329004
1.327931
1.316157
1.307440
0.683568
0.749221
0.758357
0.666035
0.755865
0.750449
80x80 | 2 | 50 | 5 | imagenes_mpi/80x80_2p_50ns/imgCPU_MPI_Columnas_res80_2p_50ns_it5.bmp | 1.329004
1.327931
1.316157
1.307440
0.683568
0.749221
0.758357
0.666035
0.755865
0.750449
80x80 | 2 | 50 | 5 | imagenes_mpi/80x80_2p_50ns/imgCPU_MPI_Filas_res80_2p_50ns_it5.bmp | 1.329004
1.327931
1.316157
1.307440
0.683568
0.749221
0.758357
0.666035
0.755865
0.750449
80x80 | 2 | 50 | 5 | imagenes_mpi/80x80_2p_50ns/imgCPU_MPIMP_Bloques_res80_2p_50ns_it5.bmp | 1.329004
1.327931
1.316157
1.307440
0.683568
0.749221
0.758357
0.666035
0.755865
0.750449
80x80 | 2 | 50 | 5 | imagenes_mpi/80x80_2p_50ns/imgCPU_MPIMP_Columnas_res80_2p_50ns_it5.bmp | 1.329004
1.327931
1.316157
1.307440
0.683568
0.749221
0.758357
0.666035
0.755865
0.750449
80x80 | 2 | 50 | 5 | imagenes_mpi/80x80_2p_50ns/imgCPU_MPIMP_Filas_res80_2p_50ns_it5.bmp | 1.329004
1.327931
1.316157
1.307440
0.683568
0.749221
0.758357
0.666035
0.755865
0.750449
80x80 | 2 | 50 | 5 | imagenes_mpi/80x80_2p_50ns/imgCPU_OMP_Bloques_res80_2p_50ns_it5.bmp | 1.329004
1.327931
1.316157
1.307440
0.683568
0.749221
0.758357
0.666035
0.755865
0.750449
80x80 | 2 | 50 | 5 | imagenes_mpi/80x80_2p_50ns/imgCPU_OMP_Columnas_res80_2p_50ns_it5.bmp | 1.329004
1.327931
1.316157
1.307440
0.683568
0.749221
0.758357
0.666035
0.755865
0.750449
80x80 | 2 | 50 | 5 | imagenes_mpi/80x80_2p_50ns/imgCPU_OMP_Filas_res80_2p_50ns_it5.bmp | 1.329004
1.327931
1.316157
1.307440
0.683568
0.749221
0.758357
0.666035
0.755865
0.750449
80x80 | 2 | 50 | 5 | imagenes_mpi/80x80_2p_50ns/imgCPU_Serie_res80_2p_50ns_it5.bmp | 1.329004
1.327931
1.316157
1.307440
0.683568
0.749221
0.758357
0.666035
0.755865
0.750449
80x80 | 2 | 50 | 5 | imagenes_mpi/80x80_2p_50ns/imgMPIImgSinReconstruir_res80_2p_50ns_it5.bmp | 1.329004
1.327931
1.316157
1.307440
0.683568
0.749221
0.758357
0.666035
0.755865
0.750449
80x80 | 2 | 50 | 6 | imagenes_mpi/80x80_2p_50ns/imgCPU_MPI_Bloques_res80_2p_50ns_it6.bmp | 1.342871
1.295501
1.308614
1.309279
0.702698
0.739492
0.751449
0.656758
0.731915
0.735896
80x80 | 2 | 50 | 6 | imagenes_mpi/80x80_2p_50ns/imgCPU_MPI_Columnas_res80_2p_50ns_it6.bmp | 1.342871
1.295501
1.308614
1.309279
0.702698
0.739492
0.751449
0.656758
0.731915
0.735896
80x80 | 2 | 50 | 6 | imagenes_mpi/80x80_2p_50ns/imgCPU_MPI_Filas_res80_2p_50ns_it6.bmp | 1.342871
1.295501
1.308614
1.309279
0.702698
0.739492
0.751449
0.656758
0.731915
0.735896
80x80 | 2 | 50 | 6 | imagenes_mpi/80x80_2p_50ns/imgCPU_MPIMP_Bloques_res80_2p_50ns_it6.bmp | 1.342871
1.295501
1.308614
1.309279
0.702698
0.739492
0.751449
0.656758
0.731915
0.735896
80x80 | 2 | 50 | 6 | imagenes_mpi/80x80_2p_50ns/imgCPU_MPIMP_Columnas_res80_2p_50ns_it6.bmp | 1.342871
1.295501
1.308614
1.309279
0.702698
0.739492
0.751449
0.656758
0.731915
0.735896
80x80 | 2 | 50 | 6 | imagenes_mpi/80x80_2p_50ns/imgCPU_MPIMP_Filas_res80_2p_50ns_it6.bmp | 1.342871
1.295501
1.308614
1.309279
0.702698
0.739492
0.751449
0.656758
0.731915
0.735896
80x80 | 2 | 50 | 6 | imagenes_mpi/80x80_2p_50ns/imgCPU_OMP_Bloques_res80_2p_50ns_it6.bmp | 1.342871
1.295501
1.308614
1.309279
0.702698
0.739492
0.751449
0.656758
0.731915
0.735896
80x80 | 2 | 50 | 6 | imagenes_mpi/80x80_2p_50ns/imgCPU_OMP_Columnas_res80_2p_50ns_it6.bmp | 1.342871
1.295501
1.308614
1.309279
0.702698
0.739492
0.751449
0.656758
0.731915
0.735896
80x80 | 2 | 50 | 6 | imagenes_mpi/80x80_2p_50ns/imgCPU_OMP_Filas_res80_2p_50ns_it6.bmp | 1.342871
1.295501
1.308614
1.309279
0.702698
0.739492
0.751449
0.656758
0.731915
0.735896
80x80 | 2 | 50 | 6 | imagenes_mpi/80x80_2p_50ns/imgCPU_Serie_res80_2p_50ns_it6.bmp | 1.342871
1.295501
1.308614
1.309279
0.702698
0.739492
0.751449
0.656758
0.731915
0.735896
80x80 | 2 | 50 | 6 | imagenes_mpi/80x80_2p_50ns/imgMPIImgSinReconstruir_res80_2p_50ns_it6.bmp | 1.342871
1.295501
1.308614
1.309279
0.702698
0.739492
0.751449
0.656758
0.731915
0.735896
80x80 | 2 | 50 | 7 | imagenes_mpi/80x80_2p_50ns/imgCPU_MPI_Bloques_res80_2p_50ns_it7.bmp | 1.311857
1.316757
1.328207
1.323253
0.728710
0.772646
0.882864
0.676559
0.761159
0.746843
80x80 | 2 | 50 | 7 | imagenes_mpi/80x80_2p_50ns/imgCPU_MPI_Columnas_res80_2p_50ns_it7.bmp | 1.311857
1.316757
1.328207
1.323253
0.728710
0.772646
0.882864
0.676559
0.761159
0.746843
80x80 | 2 | 50 | 7 | imagenes_mpi/80x80_2p_50ns/imgCPU_MPI_Filas_res80_2p_50ns_it7.bmp | 1.311857
1.316757
1.328207
1.323253
0.728710
0.772646
0.882864
0.676559
0.761159
0.746843
80x80 | 2 | 50 | 7 | imagenes_mpi/80x80_2p_50ns/imgCPU_MPIMP_Bloques_res80_2p_50ns_it7.bmp | 1.311857
1.316757
1.328207
1.323253
0.728710
0.772646
0.882864
0.676559
0.761159
0.746843
80x80 | 2 | 50 | 7 | imagenes_mpi/80x80_2p_50ns/imgCPU_MPIMP_Columnas_res80_2p_50ns_it7.bmp | 1.311857
1.316757
1.328207
1.323253
0.728710
0.772646
0.882864
0.676559
0.761159
0.746843
80x80 | 2 | 50 | 7 | imagenes_mpi/80x80_2p_50ns/imgCPU_MPIMP_Filas_res80_2p_50ns_it7.bmp | 1.311857
1.316757
1.328207
1.323253
0.728710
0.772646
0.882864
0.676559
0.761159
0.746843
80x80 | 2 | 50 | 7 | imagenes_mpi/80x80_2p_50ns/imgCPU_OMP_Bloques_res80_2p_50ns_it7.bmp | 1.311857
1.316757
1.328207
1.323253
0.728710
0.772646
0.882864
0.676559
0.761159
0.746843
80x80 | 2 | 50 | 7 | imagenes_mpi/80x80_2p_50ns/imgCPU_OMP_Columnas_res80_2p_50ns_it7.bmp | 1.311857
1.316757
1.328207
1.323253
0.728710
0.772646
0.882864
0.676559
0.761159
0.746843
80x80 | 2 | 50 | 7 | imagenes_mpi/80x80_2p_50ns/imgCPU_OMP_Filas_res80_2p_50ns_it7.bmp | 1.311857
1.316757
1.328207
1.323253
0.728710
0.772646
0.882864
0.676559
0.761159
0.746843
80x80 | 2 | 50 | 7 | imagenes_mpi/80x80_2p_50ns/imgCPU_Serie_res80_2p_50ns_it7.bmp | 1.311857
1.316757
1.328207
1.323253
0.728710
0.772646
0.882864
0.676559
0.761159
0.746843
80x80 | 2 | 50 | 7 | imagenes_mpi/80x80_2p_50ns/imgMPIImgSinReconstruir_res80_2p_50ns_it7.bmp | 1.311857
1.316757
1.328207
1.323253
0.728710
0.772646
0.882864
0.676559
0.761159
0.746843
80x80 | 2 | 50 | 8 | imagenes_mpi/80x80_2p_50ns/imgCPU_MPI_Bloques_res80_2p_50ns_it8.bmp | 1.348182
1.336950
1.355608
1.361339
0.740426
0.779333
0.792722
0.699136
0.757906
0.769254
80x80 | 2 | 50 | 8 | imagenes_mpi/80x80_2p_50ns/imgCPU_MPI_Columnas_res80_2p_50ns_it8.bmp | 1.348182
1.336950
1.355608
1.361339
0.740426
0.779333
0.792722
0.699136
0.757906
0.769254
80x80 | 2 | 50 | 8 | imagenes_mpi/80x80_2p_50ns/imgCPU_MPI_Filas_res80_2p_50ns_it8.bmp | 1.348182
1.336950
1.355608
1.361339
0.740426
0.779333
0.792722
0.699136
0.757906
0.769254
80x80 | 2 | 50 | 8 | imagenes_mpi/80x80_2p_50ns/imgCPU_MPIMP_Bloques_res80_2p_50ns_it8.bmp | 1.348182
1.336950
1.355608
1.361339
0.740426
0.779333
0.792722
0.699136
0.757906
0.769254
80x80 | 2 | 50 | 8 | imagenes_mpi/80x80_2p_50ns/imgCPU_MPIMP_Columnas_res80_2p_50ns_it8.bmp | 1.348182
1.336950
1.355608
1.361339
0.740426
0.779333
0.792722
0.699136
0.757906
0.769254
80x80 | 2 | 50 | 8 | imagenes_mpi/80x80_2p_50ns/imgCPU_MPIMP_Filas_res80_2p_50ns_it8.bmp | 1.348182
1.336950
1.355608
1.361339
0.740426
0.779333
0.792722
0.699136
0.757906
0.769254
80x80 | 2 | 50 | 8 | imagenes_mpi/80x80_2p_50ns/imgCPU_OMP_Bloques_res80_2p_50ns_it8.bmp | 1.348182
1.336950
1.355608
1.361339
0.740426
0.779333
0.792722
0.699136
0.757906
0.769254
80x80 | 2 | 50 | 8 | imagenes_mpi/80x80_2p_50ns/imgCPU_OMP_Columnas_res80_2p_50ns_it8.bmp | 1.348182
1.336950
1.355608
1.361339
0.740426
0.779333
0.792722
0.699136
0.757906
0.769254
80x80 | 2 | 50 | 8 | imagenes_mpi/80x80_2p_50ns/imgCPU_OMP_Filas_res80_2p_50ns_it8.bmp | 1.348182
1.336950
1.355608
1.361339
0.740426
0.779333
0.792722
0.699136
0.757906
0.769254
80x80 | 2 | 50 | 8 | imagenes_mpi/80x80_2p_50ns/imgCPU_Serie_res80_2p_50ns_it8.bmp | 1.348182
1.336950
1.355608
1.361339
0.740426
0.779333
0.792722
0.699136
0.757906
0.769254
80x80 | 2 | 50 | 8 | imagenes_mpi/80x80_2p_50ns/imgMPIImgSinReconstruir_res80_2p_50ns_it8.bmp | 1.348182
1.336950
1.355608
1.361339
0.740426
0.779333
0.792722
0.699136
0.757906
0.769254
80x80 | 2 | 50 | 9 | imagenes_mpi/80x80_2p_50ns/imgCPU_MPI_Bloques_res80_2p_50ns_it9.bmp | 1.326058
1.332130
1.339716
1.355653
0.691676
0.772929
0.750783
0.674482
0.749850
0.756174
80x80 | 2 | 50 | 9 | imagenes_mpi/80x80_2p_50ns/imgCPU_MPI_Columnas_res80_2p_50ns_it9.bmp | 1.326058
1.332130
1.339716
1.355653
0.691676
0.772929
0.750783
0.674482
0.749850
0.756174
80x80 | 2 | 50 | 9 | imagenes_mpi/80x80_2p_50ns/imgCPU_MPI_Filas_res80_2p_50ns_it9.bmp | 1.326058
1.332130
1.339716
1.355653
0.691676
0.772929
0.750783
0.674482
0.749850
0.756174
80x80 | 2 | 50 | 9 | imagenes_mpi/80x80_2p_50ns/imgCPU_MPIMP_Bloques_res80_2p_50ns_it9.bmp | 1.326058
1.332130
1.339716
1.355653
0.691676
0.772929
0.750783
0.674482
0.749850
0.756174
80x80 | 2 | 50 | 9 | imagenes_mpi/80x80_2p_50ns/imgCPU_MPIMP_Columnas_res80_2p_50ns_it9.bmp | 1.326058
1.332130
1.339716
1.355653
0.691676
0.772929
0.750783
0.674482
0.749850
0.756174
80x80 | 2 | 50 | 9 | imagenes_mpi/80x80_2p_50ns/imgCPU_MPIMP_Filas_res80_2p_50ns_it9.bmp | 1.326058
1.332130
1.339716
1.355653
0.691676
0.772929
0.750783
0.674482
0.749850
0.756174
80x80 | 2 | 50 | 9 | imagenes_mpi/80x80_2p_50ns/imgCPU_OMP_Bloques_res80_2p_50ns_it9.bmp | 1.326058
1.332130
1.339716
1.355653
0.691676
0.772929
0.750783
0.674482
0.749850
0.756174
80x80 | 2 | 50 | 9 | imagenes_mpi/80x80_2p_50ns/imgCPU_OMP_Columnas_res80_2p_50ns_it9.bmp | 1.326058
1.332130
1.339716
1.355653
0.691676
0.772929
0.750783
0.674482
0.749850
0.756174
80x80 | 2 | 50 | 9 | imagenes_mpi/80x80_2p_50ns/imgCPU_OMP_Filas_res80_2p_50ns_it9.bmp | 1.326058
1.332130
1.339716
1.355653
0.691676
0.772929
0.750783
0.674482
0.749850
0.756174
80x80 | 2 | 50 | 9 | imagenes_mpi/80x80_2p_50ns/imgCPU_Serie_res80_2p_50ns_it9.bmp | 1.326058
1.332130
1.339716
1.355653
0.691676
0.772929
0.750783
0.674482
0.749850
0.756174
80x80 | 2 | 50 | 9 | imagenes_mpi/80x80_2p_50ns/imgMPIImgSinReconstruir_res80_2p_50ns_it9.bmp | 1.326058
1.332130
1.339716
1.355653
0.691676
0.772929
0.750783
0.674482
0.749850
0.756174
80x80 | 2 | 50 | 10 | imagenes_mpi/80x80_2p_50ns/imgCPU_MPI_Bloques_res80_2p_50ns_it10.bmp | 1.322965
1.320601
1.354023
1.335687
0.712351
0.751824
0.748218
0.682071
0.748957
0.742699
80x80 | 2 | 50 | 10 | imagenes_mpi/80x80_2p_50ns/imgCPU_MPI_Columnas_res80_2p_50ns_it10.bmp | 1.322965
1.320601
1.354023
1.335687
0.712351
0.751824
0.748218
0.682071
0.748957
0.742699
80x80 | 2 | 50 | 10 | imagenes_mpi/80x80_2p_50ns/imgCPU_MPI_Filas_res80_2p_50ns_it10.bmp | 1.322965
1.320601
1.354023
1.335687
0.712351
0.751824
0.748218
0.682071
0.748957
0.742699
80x80 | 2 | 50 | 10 | imagenes_mpi/80x80_2p_50ns/imgCPU_MPIMP_Bloques_res80_2p_50ns_it10.bmp | 1.322965
1.320601
1.354023
1.335687
0.712351
0.751824
0.748218
0.682071
0.748957
0.742699
80x80 | 2 | 50 | 10 | imagenes_mpi/80x80_2p_50ns/imgCPU_MPIMP_Columnas_res80_2p_50ns_it10.bmp | 1.322965
1.320601
1.354023
1.335687
0.712351
0.751824
0.748218
0.682071
0.748957
0.742699
80x80 | 2 | 50 | 10 | imagenes_mpi/80x80_2p_50ns/imgCPU_MPIMP_Filas_res80_2p_50ns_it10.bmp | 1.322965
1.320601
1.354023
1.335687
0.712351
0.751824
0.748218
0.682071
0.748957
0.742699
80x80 | 2 | 50 | 10 | imagenes_mpi/80x80_2p_50ns/imgCPU_OMP_Bloques_res80_2p_50ns_it10.bmp | 1.322965
1.320601
1.354023
1.335687
0.712351
0.751824
0.748218
0.682071
0.748957
0.742699
80x80 | 2 | 50 | 10 | imagenes_mpi/80x80_2p_50ns/imgCPU_OMP_Columnas_res80_2p_50ns_it10.bmp | 1.322965
1.320601
1.354023
1.335687
0.712351
0.751824
0.748218
0.682071
0.748957
0.742699
80x80 | 2 | 50 | 10 | imagenes_mpi/80x80_2p_50ns/imgCPU_OMP_Filas_res80_2p_50ns_it10.bmp | 1.322965
1.320601
1.354023
1.335687
0.712351
0.751824
0.748218
0.682071
0.748957
0.742699
80x80 | 2 | 50 | 10 | imagenes_mpi/80x80_2p_50ns/imgCPU_Serie_res80_2p_50ns_it10.bmp | 1.322965
1.320601
1.354023
1.335687
0.712351
0.751824
0.748218
0.682071
0.748957
0.742699
80x80 | 2 | 50 | 10 | imagenes_mpi/80x80_2p_50ns/imgMPIImgSinReconstruir_res80_2p_50ns_it10.bmp | 1.322965
1.320601
1.354023
1.335687
0.712351
0.751824
0.748218
0.682071
0.748957
0.742699
80x80 | 4 | 50 | 1 | imagenes_mpi/80x80_4p_50ns/imgCPU_MPI_Bloques_res80_4p_50ns_it1.bmp | 1.488203
0.818293
0.809688
0.830614
0.391512
0.471593
0.440775
0.263845
0.311061
0.254433
80x80 | 4 | 50 | 1 | imagenes_mpi/80x80_4p_50ns/imgCPU_MPI_Columnas_res80_4p_50ns_it1.bmp | 1.488203
0.818293
0.809688
0.830614
0.391512
0.471593
0.440775
0.263845
0.311061
0.254433
80x80 | 4 | 50 | 1 | imagenes_mpi/80x80_4p_50ns/imgCPU_MPI_Filas_res80_4p_50ns_it1.bmp | 1.488203
0.818293
0.809688
0.830614
0.391512
0.471593
0.440775
0.263845
0.311061
0.254433
80x80 | 4 | 50 | 1 | imagenes_mpi/80x80_4p_50ns/imgCPU_MPIMP_Bloques_res80_4p_50ns_it1.bmp | 1.488203
0.818293
0.809688
0.830614
0.391512
0.471593
0.440775
0.263845
0.311061
0.254433
80x80 | 4 | 50 | 1 | imagenes_mpi/80x80_4p_50ns/imgCPU_MPIMP_Columnas_res80_4p_50ns_it1.bmp | 1.488203
0.818293
0.809688
0.830614
0.391512
0.471593
0.440775
0.263845
0.311061
0.254433
80x80 | 4 | 50 | 1 | imagenes_mpi/80x80_4p_50ns/imgCPU_MPIMP_Filas_res80_4p_50ns_it1.bmp | 1.488203
0.818293
0.809688
0.830614
0.391512
0.471593
0.440775
0.263845
0.311061
0.254433
80x80 | 4 | 50 | 1 | imagenes_mpi/80x80_4p_50ns/imgCPU_OMP_Bloques_res80_4p_50ns_it1.bmp | 1.488203
0.818293
0.809688
0.830614
0.391512
0.471593
0.440775
0.263845
0.311061
0.254433
80x80 | 4 | 50 | 1 | imagenes_mpi/80x80_4p_50ns/imgCPU_OMP_Columnas_res80_4p_50ns_it1.bmp | 1.488203
0.818293
0.809688
0.830614
0.391512
0.471593
0.440775
0.263845
0.311061
0.254433
80x80 | 4 | 50 | 1 | imagenes_mpi/80x80_4p_50ns/imgCPU_OMP_Filas_res80_4p_50ns_it1.bmp | 1.488203
0.818293
0.809688
0.830614
0.391512
0.471593
0.440775
0.263845
0.311061
0.254433
80x80 | 4 | 50 | 1 | imagenes_mpi/80x80_4p_50ns/imgCPU_Serie_res80_4p_50ns_it1.bmp | 1.488203
0.818293
0.809688
0.830614
0.391512
0.471593
0.440775
0.263845
0.311061
0.254433
80x80 | 4 | 50 | 1 | imagenes_mpi/80x80_4p_50ns/imgMPIImgSinReconstruir_res80_4p_50ns_it1.bmp | 1.488203
0.818293
0.809688
0.830614
0.391512
0.471593
0.440775
0.263845
0.311061
0.254433
80x80 | 4 | 50 | 2 | imagenes_mpi/80x80_4p_50ns/imgCPU_MPI_Bloques_res80_4p_50ns_it2.bmp | 1.476397
0.813457
0.807482
0.745565
0.407958
0.467549
0.432326
0.255782
0.295617
0.254859
80x80 | 4 | 50 | 2 | imagenes_mpi/80x80_4p_50ns/imgCPU_MPI_Columnas_res80_4p_50ns_it2.bmp | 1.476397
0.813457
0.807482
0.745565
0.407958
0.467549
0.432326
0.255782
0.295617
0.254859
80x80 | 4 | 50 | 2 | imagenes_mpi/80x80_4p_50ns/imgCPU_MPI_Filas_res80_4p_50ns_it2.bmp | 1.476397
0.813457
0.807482
0.745565
0.407958
0.467549
0.432326
0.255782
0.295617
0.254859
80x80 | 4 | 50 | 2 | imagenes_mpi/80x80_4p_50ns/imgCPU_MPIMP_Bloques_res80_4p_50ns_it2.bmp | 1.476397
0.813457
0.807482
0.745565
0.407958
0.467549
0.432326
0.255782
0.295617
0.254859
80x80 | 4 | 50 | 2 | imagenes_mpi/80x80_4p_50ns/imgCPU_MPIMP_Columnas_res80_4p_50ns_it2.bmp | 1.476397
0.813457
0.807482
0.745565
0.407958
0.467549
0.432326
0.255782
0.295617
0.254859
80x80 | 4 | 50 | 2 | imagenes_mpi/80x80_4p_50ns/imgCPU_MPIMP_Filas_res80_4p_50ns_it2.bmp | 1.476397
0.813457
0.807482
0.745565
0.407958
0.467549
0.432326
0.255782
0.295617
0.254859
80x80 | 4 | 50 | 2 | imagenes_mpi/80x80_4p_50ns/imgCPU_OMP_Bloques_res80_4p_50ns_it2.bmp | 1.476397
0.813457
0.807482
0.745565
0.407958
0.467549
0.432326
0.255782
0.295617
0.254859
80x80 | 4 | 50 | 2 | imagenes_mpi/80x80_4p_50ns/imgCPU_OMP_Columnas_res80_4p_50ns_it2.bmp | 1.476397
0.813457
0.807482
0.745565
0.407958
0.467549
0.432326
0.255782
0.295617
0.254859
80x80 | 4 | 50 | 2 | imagenes_mpi/80x80_4p_50ns/imgCPU_OMP_Filas_res80_4p_50ns_it2.bmp | 1.476397
0.813457
0.807482
0.745565
0.407958
0.467549
0.432326
0.255782
0.295617
0.254859
80x80 | 4 | 50 | 2 | imagenes_mpi/80x80_4p_50ns/imgCPU_Serie_res80_4p_50ns_it2.bmp | 1.476397
0.813457
0.807482
0.745565
0.407958
0.467549
0.432326
0.255782
0.295617
0.254859
80x80 | 4 | 50 | 2 | imagenes_mpi/80x80_4p_50ns/imgMPIImgSinReconstruir_res80_4p_50ns_it2.bmp | 1.476397
0.813457
0.807482
0.745565
0.407958
0.467549
0.432326
0.255782
0.295617
0.254859
80x80 | 4 | 50 | 3 | imagenes_mpi/80x80_4p_50ns/imgCPU_MPI_Bloques_res80_4p_50ns_it3.bmp | 1.505520
0.867153
0.836529
0.861524
0.412178
0.480495
0.467006
0.263655
0.280169
0.270643
80x80 | 4 | 50 | 3 | imagenes_mpi/80x80_4p_50ns/imgCPU_MPI_Columnas_res80_4p_50ns_it3.bmp | 1.505520
0.867153
0.836529
0.861524
0.412178
0.480495
0.467006
0.263655
0.280169
0.270643
80x80 | 4 | 50 | 3 | imagenes_mpi/80x80_4p_50ns/imgCPU_MPI_Filas_res80_4p_50ns_it3.bmp | 1.505520
0.867153
0.836529
0.861524
0.412178
0.480495
0.467006
0.263655
0.280169
0.270643
80x80 | 4 | 50 | 3 | imagenes_mpi/80x80_4p_50ns/imgCPU_MPIMP_Bloques_res80_4p_50ns_it3.bmp | 1.505520
0.867153
0.836529
0.861524
0.412178
0.480495
0.467006
0.263655
0.280169
0.270643
80x80 | 4 | 50 | 3 | imagenes_mpi/80x80_4p_50ns/imgCPU_MPIMP_Columnas_res80_4p_50ns_it3.bmp | 1.505520
0.867153
0.836529
0.861524
0.412178
0.480495
0.467006
0.263655
0.280169
0.270643
80x80 | 4 | 50 | 3 | imagenes_mpi/80x80_4p_50ns/imgCPU_MPIMP_Filas_res80_4p_50ns_it3.bmp | 1.505520
0.867153
0.836529
0.861524
0.412178
0.480495
0.467006
0.263655
0.280169
0.270643
80x80 | 4 | 50 | 3 | imagenes_mpi/80x80_4p_50ns/imgCPU_OMP_Bloques_res80_4p_50ns_it3.bmp | 1.505520
0.867153
0.836529
0.861524
0.412178
0.480495
0.467006
0.263655
0.280169
0.270643
80x80 | 4 | 50 | 3 | imagenes_mpi/80x80_4p_50ns/imgCPU_OMP_Columnas_res80_4p_50ns_it3.bmp | 1.505520
0.867153
0.836529
0.861524
0.412178
0.480495
0.467006
0.263655
0.280169
0.270643
80x80 | 4 | 50 | 3 | imagenes_mpi/80x80_4p_50ns/imgCPU_OMP_Filas_res80_4p_50ns_it3.bmp | 1.505520
0.867153
0.836529
0.861524
0.412178
0.480495
0.467006
0.263655
0.280169
0.270643
80x80 | 4 | 50 | 3 | imagenes_mpi/80x80_4p_50ns/imgCPU_Serie_res80_4p_50ns_it3.bmp | 1.505520
0.867153
0.836529
0.861524
0.412178
0.480495
0.467006
0.263655
0.280169
0.270643
80x80 | 4 | 50 | 3 | imagenes_mpi/80x80_4p_50ns/imgMPIImgSinReconstruir_res80_4p_50ns_it3.bmp | 1.505520
0.867153
0.836529
0.861524
0.412178
0.480495
0.467006
0.263655
0.280169
0.270643
