Object Sphere ( (0.000000, -1000.000000, 0.000000), 1000.000000 ) Diffuse ( (0.500000, 0.500000, 0.500000) )
Object Sphere ( (-10.295211, 0.200000, -10.645056), 0.200000 ) Metallic ( (0.667611, 0.598776, 0.955824), 0.399220 )
Object Sphere ( (-10.501427, 0.200000, -9.750003), 0.200000 ) Diffuse ( (0.872428, 0.187281, 0.300221) )
Object Sphere ( (-10.872558, 0.200000, -8.354433), 0.200000 ) Diffuse ( (0.125998, 0.033332, 0.009894) )
Object Sphere ( (-10.902072, 0.200000, -7.883189), 0.200000 ) Diffuse ( (0.181361, 0.430408, 0.218022) )
Object Sphere ( (-10.555776, 0.200000, -6.528141), 0.200000 ) Diffuse ( (0.308142, 0.406309, 0.284553) )
Object Sphere ( (-10.682788, 0.200000, -5.745017), 0.200000 ) Metallic ( (0.974663, 0.534878, 0.959513), 0.403862 )
Object Sphere ( (-10.827007, 0.200000, -4.922550), 0.200000 ) Diffuse ( (0.009165, 0.022389, 0.590426) )
Object Sphere ( (-10.126430, 0.200000, -3.785548), 0.200000 ) Diffuse ( (0.285251, 0.143936, 0.767707) )
Object Sphere ( (-10.521554, 0.200000, -2.399049), 0.200000 ) Diffuse ( (0.204962, 0.867361, 0.017191) )
Object Sphere ( (-10.681356, 0.200000, -1.424019), 0.200000 ) Diffuse ( (0.273916, 0.387325, 0.114167) )
Object Sphere ( (-10.684676, 0.200000, -0.195965), 0.200000 ) Diffuse ( (0.377440, 0.386916, 0.656778) )
Object Sphere ( (-10.266710, 0.200000, 0.358593), 0.200000 ) Metallic ( (0.607912, 0.741245, 0.955486), 0.342109 )
Object Sphere ( (-10.867106, 0.200000, 1.828115), 0.200000 ) Crystalline ( 1.500000 )
Object Sphere ( (-10.611242, 0.200000, 2.576972), 0.200000 ) Metallic ( (0.653729, 0.893001, 0.640530), 0.309798 )
Object Sphere ( (-10.831221, 0.200000, 3.203496), 0.200000 ) Diffuse ( (0.093556, 0.070642, 0.153709) )
Object Sphere ( (-10.315573, 0.200000, 4.445899), 0.200000 ) Diffuse ( (0.276413, 0.262271, 0.920747) )
Object Sphere ( (-10.473960, 0.200000, 5.209035), 0.200000 ) Diffuse ( (0.130210, 0.091866, 0.037246) )
Object Sphere ( (-10.144906, 0.200000, 6.067077), 0.200000 ) Diffuse ( (0.584510, 0.042302, 0.027397) )
Object Sphere ( (-10.424487, 0.200000, 7.870665), 0.200000 ) Diffuse ( (0.005469, 0.070178, 0.071020) )
Object Sphere ( (-10.262291, 0.200000, 8.415278), 0.200000 ) Diffuse ( (0.204327, 0.008196, 0.433189) )
Object Sphere ( (-10.101981, 0.200000, 9.112922), 0.200000 ) Metallic ( (0.502081, 0.536164, 0.935270), 0.027029 )
Object Sphere ( (-10.837665, 0.200000, 10.534503), 0.200000 ) Metallic ( (0.909848, 0.956513, 0.695845), 0.081566 )
Object Sphere ( (-9.478513, 0.200000, -10.502764), 0.200000 ) Diffuse ( (0.230441, 0.052890, 0.311095) )
Object Sphere ( (-9.210148, 0.200000, -9.480726), 0.200000 ) Crystalline ( 1.500000 )
Object Sphere ( (-9.968122, 0.200000, -8.433981), 0.200000 ) Diffuse ( (0.813946, 0.808105, 0.623098) )
Object Sphere ( (-9.114764, 0.200000, -7.186970), 0.200000 ) Diffuse ( (0.068444, 0.136095, 0.331612) )
Object Sphere ( (-9.433468, 0.200000, -6.776760), 0.200000 ) Diffuse ( (0.017163, 0.104179, 0.160538) )
Object Sphere ( (-9.413981, 0.200000, -5.798709), 0.200000 ) Diffuse ( (0.081479, 0.152933, 0.496114) )
Object Sphere ( (-9.150114, 0.200000, -4.466714), 0.200000 ) Diffuse ( (0.001115, 0.368330, 0.151667) )
Object Sphere ( (-9.789497, 0.200000, -3.250081), 0.200000 ) Diffuse ( (0.129996, 0.146969, 0.326221) )
Object Sphere ( (-9.627415, 0.200000, -2.963222), 0.200000 ) Diffuse ( (0.112455, 0.221335, 0.469049) )
Object Sphere ( (-9.704463, 0.200000, -1.342344), 0.200000 ) Diffuse ( (0.168028, 0.630602, 0.149726) )
Object Sphere ( (-9.765553, 0.200000, -0.921121), 0.200000 ) Diffuse ( (0.208532, 0.010431, 0.601995) )
Object Sphere ( (-9.740100, 0.200000, 0.599901), 0.200000 ) Diffuse ( (0.003523, 0.062550, 0.223715) )
Object Sphere ( (-9.830619, 0.200000, 1.298331), 0.200000 ) Metallic ( (0.882436, 0.959465, 0.979318), 0.218249 )
Object Sphere ( (-9.382792, 0.200000, 2.109029), 0.200000 ) Diffuse ( (0.175442, 0.864092, 0.297191) )
Object Sphere ( (-9.732440, 0.200000, 3.493238), 0.200000 ) Diffuse ( (0.093780, 0.435367, 0.823165) )
Object Sphere ( (-9.556841, 0.200000, 4.778121), 0.200000 ) Diffuse ( (0.123440, 0.144356, 0.393622) )
Object Sphere ( (-9.457202, 0.200000, 5.125153), 0.200000 ) Diffuse ( (0.110655, 0.129067, 0.412715) )
Object Sphere ( (-9.675602, 0.200000, 6.124414), 0.200000 ) Diffuse ( (0.684632, 0.565164, 0.302686) )
Object Sphere ( (-9.645105, 0.200000, 7.301475), 0.200000 ) Diffuse ( (0.007824, 0.039154, 0.401151) )
Object Sphere ( (-9.740558, 0.200000, 8.327238), 0.200000 ) Diffuse ( (0.154915, 0.399335, 0.030205) )
Object Sphere ( (-9.561316, 0.200000, 9.685600), 0.200000 ) Diffuse ( (0.115885, 0.323916, 0.138877) )
Object Sphere ( (-9.645050, 0.200000, 10.746945), 0.200000 ) Diffuse ( (0.333117, 0.465809, 0.079654) )
Object Sphere ( (-8.630291, 0.200000, -10.877533), 0.200000 ) Metallic ( (0.646839, 0.887193, 0.891641), 0.002704 )
Object Sphere ( (-8.351095, 0.200000, -9.221019), 0.200000 ) Diffuse ( (0.099936, 0.698329, 0.022079) )
Object Sphere ( (-8.910397, 0.200000, -8.915472), 0.200000 ) Metallic ( (0.904548, 0.828560, 0.650882), 0.191448 )
Object Sphere ( (-8.951920, 0.200000, -7.953642), 0.200000 ) Diffuse ( (0.070232, 0.306286, 0.357416) )
Object Sphere ( (-8.464459, 0.200000, -6.523091), 0.200000 ) Diffuse ( (0.103544, 0.423552, 0.110126) )
Object Sphere ( (-8.463424, 0.200000, -5.442967), 0.200000 ) Diffuse ( (0.156710, 0.006928, 0.193890) )
Object Sphere ( (-8.255907, 0.200000, -4.797058), 0.200000 ) Diffuse ( (0.537144, 0.302348, 0.103882) )
Object Sphere ( (-8.299568, 0.200000, -3.768278), 0.200000 ) Diffuse ( (0.121276, 0.068105, 0.523371) )
Object Sphere ( (-8.295964, 0.200000, -2.392855), 0.200000 ) Diffuse ( (0.100254, 0.126638, 0.144146) )
Object Sphere ( (-8.860748, 0.200000, -1.520439), 0.200000 ) Diffuse ( (0.225210, 0.145306, 0.008097) )
Object Sphere ( (-8.502915, 0.200000, -0.415307), 0.200000 ) Diffuse ( (0.201485, 0.565107, 0.630827) )
Object Sphere ( (-8.240481, 0.200000, 0.479664), 0.200000 ) Diffuse ( (0.260341, 0.207774, 0.397471) )
Object Sphere ( (-8.862411, 0.200000, 1.610031), 0.200000 ) Metallic ( (0.593808, 0.842861, 0.531780), 0.016446 )
Object Sphere ( (-8.488952, 0.200000, 2.630271), 0.200000 ) Diffuse ( (0.562014, 0.079841, 0.000006) )
Object Sphere ( (-8.399393, 0.200000, 3.307219), 0.200000 ) Diffuse ( (0.029269, 0.277213, 0.574261) )
Object Sphere ( (-8.391912, 0.200000, 4.746061), 0.200000 ) Diffuse ( (0.475646, 0.278558, 0.172797) )
Object Sphere ( (-8.790193, 0.200000, 5.839236), 0.200000 ) Diffuse ( (0.518933, 0.461489, 0.510954) )
Object Sphere ( (-8.464952, 0.200000, 6.732725), 0.200000 ) Diffuse ( (0.515105, 0.303723, 0.654112) )
Object Sphere ( (-8.302121, 0.200000, 7.683391), 0.200000 ) Diffuse ( (0.132811, 0.284399, 0.208890) )
Object Sphere ( (-8.402027, 0.200000, 8.785719), 0.200000 ) Metallic ( (0.822801, 0.798450, 0.805990), 0.206241 )
Object Sphere ( (-8.478881, 0.200000, 9.133508), 0.200000 ) Diffuse ( (0.058019, 0.431417, 0.023104) )
Object Sphere ( (-8.956350, 0.200000, 10.459314), 0.200000 ) Diffuse ( (0.059476, 0.288299, 0.313247) )
Object Sphere ( (-7.984289, 0.200000, -10.633910), 0.200000 ) Diffuse ( (0.213258, 0.473690, 0.411700) )
Object Sphere ( (-7.933166, 0.200000, -9.947149), 0.200000 ) Crystalline ( 1.500000 )
Object Sphere ( (-7.799658, 0.200000, -8.462448), 0.200000 ) Diffuse ( (0.202989, 0.681496, 0.138520) )
Object Sphere ( (-7.145980, 0.200000, -7.142604), 0.200000 ) Metallic ( (0.768371, 0.666785, 0.883507), 0.449543 )
Object Sphere ( (-7.145162, 0.200000, -6.570204), 0.200000 ) Diffuse ( (0.357373, 0.177752, 0.412241) )
Object Sphere ( (-7.768173, 0.200000, -5.185697), 0.200000 ) Diffuse ( (0.310926, 0.133528, 0.733817) )
Object Sphere ( (-7.569835, 0.200000, -4.828075), 0.200000 ) Diffuse ( (0.524922, 0.193104, 0.235466) )
Object Sphere ( (-7.820898, 0.200000, -3.663800), 0.200000 ) Diffuse ( (0.033013, 0.403457, 0.383187) )
Object Sphere ( (-7.982980, 0.200000, -2.781637), 0.200000 ) Diffuse ( (0.683750, 0.555533, 0.003120) )
Object Sphere ( (-7.596817, 0.200000, -1.844242), 0.200000 ) Metallic ( (0.982841, 0.819505, 0.897616), 0.243860 )
Object Sphere ( (-7.206016, 0.200000, -0.736400), 0.200000 ) Diffuse ( (0.258421, 0.355730, 0.329217) )
Object Sphere ( (-7.439125, 0.200000, 0.779111), 0.200000 ) Diffuse ( (0.033931, 0.051959, 0.664435) )
Object Sphere ( (-7.885998, 0.200000, 1.158615), 0.200000 ) Diffuse ( (0.055417, 0.002230, 0.215474) )
Object Sphere ( (-7.909229, 0.200000, 2.823699), 0.200000 ) Diffuse ( (0.127997, 0.195468, 0.043338) )
Object Sphere ( (-7.490452, 0.200000, 3.821151), 0.200000 ) Diffuse ( (0.268493, 0.351479, 0.006621) )
Object Sphere ( (-7.528807, 0.200000, 4.032100), 0.200000 ) Crystalline ( 1.500000 )
Object Sphere ( (-7.370192, 0.200000, 5.595613), 0.200000 ) Diffuse ( (0.038464, 0.220841, 0.291363) )
Object Sphere ( (-7.386271, 0.200000, 6.628842), 0.200000 ) Metallic ( (0.648967, 0.876239, 0.656470), 0.452094 )
Object Sphere ( (-7.468000, 0.200000, 7.170157), 0.200000 ) Metallic ( (0.622074, 0.578638, 0.550727), 0.026720 )
Object Sphere ( (-7.947753, 0.200000, 8.530207), 0.200000 ) Diffuse ( (0.120531, 0.051833, 0.841074) )
Object Sphere ( (-7.473873, 0.200000, 9.151954), 0.200000 ) Diffuse ( (0.424692, 0.487595, 0.388491) )
Object Sphere ( (-7.429774, 0.200000, 10.237755), 0.200000 ) Diffuse ( (0.107512, 0.323745, 0.008961) )
Object Sphere ( (-6.388087, 0.200000, -10.723549), 0.200000 ) Diffuse ( (0.071413, 0.189173, 0.286013) )
Object Sphere ( (-6.384783, 0.200000, -9.767699), 0.200000 ) Diffuse ( (0.214734, 0.512097, 0.013672) )
Object Sphere ( (-6.774811, 0.200000, -8.236800), 0.200000 ) Diffuse ( (0.324679, 0.457704, 0.018765) )
Object Sphere ( (-6.336928, 0.200000, -7.136939), 0.200000 ) Metallic ( (0.511932, 0.521958, 0.679971), 0.171980 )
Object Sphere ( (-6.736403, 0.200000, -6.561471), 0.200000 ) Diffuse ( (0.014946, 0.237199, 0.580879) )
Object Sphere ( (-6.960945, 0.200000, -5.168957), 0.200000 ) Diffuse ( (0.089289, 0.434809, 0.020669) )
Object Sphere ( (-6.571648, 0.200000, -4.850515), 0.200000 ) Metallic ( (0.789306, 0.503490, 0.888752), 0.378641 )
Object Sphere ( (-6.169685, 0.200000, -3.330646), 0.200000 ) Diffuse ( (0.065788, 0.096045, 0.075932) )
Object Sphere ( (-6.327943, 0.200000, -2.914462), 0.200000 ) Metallic ( (0.880431, 0.968857, 0.586650), 0.138607 )
Object Sphere ( (-6.239254, 0.200000, -1.117002), 0.200000 ) Diffuse ( (0.211894, 0.198309, 0.236504) )
Object Sphere ( (-6.926861, 0.200000, -0.883022), 0.200000 ) Diffuse ( (0.512954, 0.075529, 0.051769) )
Object Sphere ( (-6.524004, 0.200000, 0.601493), 0.200000 ) Diffuse ( (0.019704, 0.093787, 0.294609) )
Object Sphere ( (-6.592615, 0.200000, 1.190409), 0.200000 ) Diffuse ( (0.082017, 0.002357, 0.049369) )
Object Sphere ( (-6.297774, 0.200000, 2.075766), 0.200000 ) Diffuse ( (0.002957, 0.789346, 0.538110) )
Object Sphere ( (-6.164921, 0.200000, 3.159420), 0.200000 ) Diffuse ( (0.377773, 0.380614, 0.042495) )
Object Sphere ( (-6.480090, 0.200000, 4.740183), 0.200000 ) Diffuse ( (0.037230, 0.295336, 0.204332) )
Object Sphere ( (-6.327451, 0.200000, 5.348590), 0.200000 ) Metallic ( (0.857216, 0.915731, 0.924636), 0.467091 )
Object Sphere ( (-6.437808, 0.200000, 6.464525), 0.200000 ) Diffuse ( (0.453345, 0.019803, 0.290796) )
Object Sphere ( (-6.823692, 0.200000, 7.129548), 0.200000 ) Diffuse ( (0.208672, 0.135316, 0.656353) )
Object Sphere ( (-6.907990, 0.200000, 8.799589), 0.200000 ) Diffuse ( (0.622789, 0.057468, 0.129694) )
Object Sphere ( (-6.299384, 0.200000, 9.456223), 0.200000 ) Diffuse ( (0.562933, 0.165274, 0.133073) )
Object Sphere ( (-6.433577, 0.200000, 10.606596), 0.200000 ) Diffuse ( (0.364625, 0.022002, 0.676864) )
Object Sphere ( (-5.744140, 0.200000, -10.303011), 0.200000 ) Diffuse ( (0.159400, 0.030915, 0.067544) )
Object Sphere ( (-5.909383, 0.200000, -9.417230), 0.200000 ) Diffuse ( (0.604115, 0.063296, 0.283186) )
Object Sphere ( (-5.645185, 0.200000, -8.669884), 0.200000 ) Diffuse ( (0.380868, 0.061517, 0.163217) )
Object Sphere ( (-5.575525, 0.200000, -7.585413), 0.200000 ) Diffuse ( (0.037971, 0.141914, 0.065626) )
Object Sphere ( (-5.562721, 0.200000, -6.567860), 0.200000 ) Diffuse ( (0.000522, 0.039106, 0.165320) )
Object Sphere ( (-5.272245, 0.200000, -5.740124), 0.200000 ) Metallic ( (0.522365, 0.587707, 0.843764), 0.325245 )
Object Sphere ( (-5.898332, 0.200000, -4.302448), 0.200000 ) Crystalline ( 1.500000 )
Object Sphere ( (-5.105224, 0.200000, -3.813469), 0.200000 ) Metallic ( (0.914273, 0.732917, 0.833954), 0.268057 )
Object Sphere ( (-5.635260, 0.200000, -2.359285), 0.200000 ) Metallic ( (0.836824, 0.577355, 0.918993), 0.096746 )
Object Sphere ( (-5.520737, 0.200000, -1.687523), 0.200000 ) Diffuse ( (0.003162, 0.329910, 0.292802) )
Object Sphere ( (-5.375967, 0.200000, -0.827533), 0.200000 ) Diffuse ( (0.179675, 0.143127, 0.104967) )
Object Sphere ( (-5.954580, 0.200000, 0.309168), 0.200000 ) Diffuse ( (0.148184, 0.867272, 0.076338) )
Object Sphere ( (-5.604908, 0.200000, 1.323322), 0.200000 ) Diffuse ( (0.059862, 0.303703, 0.583219) )
Object Sphere ( (-5.129076, 0.200000, 2.540365), 0.200000 ) Diffuse ( (0.123923, 0.127874, 0.094934) )
Object Sphere ( (-5.329493, 0.200000, 3.479108), 0.200000 ) Diffuse ( (0.047654, 0.001816, 0.930031) )
Object Sphere ( (-5.622770, 0.200000, 4.035745), 0.200000 ) Metallic ( (0.811396, 0.889195, 0.609927), 0.091900 )
Object Sphere ( (-5.631920, 0.200000, 5.415340), 0.200000 ) Diffuse ( (0.162438, 0.470678, 0.276802) )
Object Sphere ( (-5.133704, 0.200000, 6.064190), 0.200000 ) Diffuse ( (0.094659, 0.333465, 0.182705) )
Object Sphere ( (-5.827405, 0.200000, 7.788044), 0.200000 ) Metallic ( (0.910463, 0.544828, 0.964339), 0.460702 )
Object Sphere ( (-5.995746, 0.200000, 8.457919), 0.200000 ) Crystalline ( 1.500000 )
Object Sphere ( (-5.435234, 0.200000, 9.258471), 0.200000 ) Diffuse ( (0.305651, 0.026344, 0.196068) )
Object Sphere ( (-5.392271, 0.200000, 10.497464), 0.200000 ) Diffuse ( (0.008535, 0.276089, 0.597668) )
Object Sphere ( (-4.910644, 0.200000, -10.167123), 0.200000 ) Diffuse ( (0.277806, 0.054145, 0.211970) )
Object Sphere ( (-4.199440, 0.200000, -9.371714), 0.200000 ) Diffuse ( (0.137169, 0.112947, 0.010353) )
Object Sphere ( (-4.751704, 0.200000, -8.216952), 0.200000 ) Diffuse ( (0.051113, 0.184764, 0.085008) )
Object Sphere ( (-4.584875, 0.200000, -7.508794), 0.200000 ) Metallic ( (0.978055, 0.693335, 0.954756), 0.428413 )
Object Sphere ( (-4.777549, 0.200000, -6.831076), 0.200000 ) Diffuse ( (0.318449, 0.230506, 0.330413) )
Object Sphere ( (-4.375318, 0.200000, -5.548348), 0.200000 ) Diffuse ( (0.465690, 0.429721, 0.011700) )
Object Sphere ( (-4.348422, 0.200000, -4.392212), 0.200000 ) Diffuse ( (0.213071, 0.057445, 0.366049) )
Object Sphere ( (-4.977882, 0.200000, -3.780825), 0.200000 ) Diffuse ( (0.100856, 0.081783, 0.057685) )
Object Sphere ( (-4.329361, 0.200000, -2.869548), 0.200000 ) Diffuse ( (0.485973, 0.055485, 0.277874) )
Object Sphere ( (-4.624544, 0.200000, -1.788108), 0.200000 ) Metallic ( (0.731721, 0.546247, 0.738425), 0.369733 )
Object Sphere ( (-4.423912, 0.200000, -0.207347), 0.200000 ) Metallic ( (0.724211, 0.639002, 0.607370), 0.133210 )
Object Sphere ( (-4.472117, 0.200000, 0.272322), 0.200000 ) Diffuse ( (0.634831, 0.635336, 0.450973) )
Object Sphere ( (-4.536021, 0.200000, 1.350700), 0.200000 ) Diffuse ( (0.311841, 0.639655, 0.205291) )
Object Sphere ( (-4.708621, 0.200000, 2.855797), 0.200000 ) Diffuse ( (0.394865, 0.407549, 0.025007) )
Object Sphere ( (-4.365230, 0.200000, 3.124960), 0.200000 ) Diffuse ( (0.247275, 0.006455, 0.138868) )
Object Sphere ( (-4.849483, 0.200000, 4.114125), 0.200000 ) Diffuse ( (0.047997, 0.162300, 0.718103) )
Object Sphere ( (-4.345452, 0.200000, 5.100941), 0.200000 ) Diffuse ( (0.568765, 0.637233, 0.130438) )
Object Sphere ( (-4.418921, 0.200000, 6.275389), 0.200000 ) Diffuse ( (0.123141, 0.674222, 0.013893) )
Object Sphere ( (-4.230817, 0.200000, 7.127617), 0.200000 ) Metallic ( (0.778646, 0.990727, 0.966358), 0.195025 )
Object Sphere ( (-4.897221, 0.200000, 8.816268), 0.200000 ) Diffuse ( (0.009358, 0.009742, 0.000007) )
Object Sphere ( (-4.358120, 0.200000, 9.430983), 0.200000 ) Diffuse ( (0.046070, 0.136527, 0.156861) )
Object Sphere ( (-4.221614, 0.200000, 10.596927), 0.200000 ) Diffuse ( (0.012918, 0.048050, 0.323022) )
Object Sphere ( (-3.925681, 0.200000, -10.945587), 0.200000 ) Diffuse ( (0.111113, 0.253806, 0.109431) )
Object Sphere ( (-3.629604, 0.200000, -9.279303), 0.200000 ) Diffuse ( (0.005596, 0.278248, 0.268675) )
Object Sphere ( (-3.342391, 0.200000, -8.685393), 0.200000 ) Diffuse ( (0.055224, 0.272790, 0.676779) )
Object Sphere ( (-3.543145, 0.200000, -7.693711), 0.200000 ) Metallic ( (0.561332, 0.784038, 0.962659), 0.020044 )
Object Sphere ( (-3.899015, 0.200000, -6.696565), 0.200000 ) Diffuse ( (0.606111, 0.228015, 0.034442) )
Object Sphere ( (-3.497220, 0.200000, -5.680168), 0.200000 ) Diffuse ( (0.330890, 0.392019, 0.312761) )
Object Sphere ( (-3.243276, 0.200000, -4.497622), 0.200000 ) Diffuse ( (0.031966, 0.001418, 0.047464) )
Object Sphere ( (-3.733265, 0.200000, -3.127711), 0.200000 ) Diffuse ( (0.267002, 0.178262, 0.006229) )
Object Sphere ( (-3.417844, 0.200000, -2.775664), 0.200000 ) Diffuse ( (0.211105, 0.001690, 0.152008) )
Object Sphere ( (-3.879807, 0.200000, -1.924049), 0.200000 ) Diffuse ( (0.208263, 0.531817, 0.426291) )
Object Sphere ( (-3.604713, 0.200000, -0.520073), 0.200000 ) Crystalline ( 1.500000 )
Object Sphere ( (-3.632425, 0.200000, 0.521789), 0.200000 ) Diffuse ( (0.024446, 0.288366, 0.010598) )
Object Sphere ( (-3.950130, 0.200000, 1.511541), 0.200000 ) Diffuse ( (0.177707, 0.028932, 0.026576) )
Object Sphere ( (-3.627641, 0.200000, 2.018637), 0.200000 ) Diffuse ( (0.286950, 0.222558, 0.534276) )
Object Sphere ( (-3.160141, 0.200000, 3.636296), 0.200000 ) Diffuse ( (0.114947, 0.255366, 0.037987) )
Object Sphere ( (-3.737013, 0.200000, 4.077937), 0.200000 ) Metallic ( (0.902320, 0.930293, 0.737031), 0.374615 )
Object Sphere ( (-3.462743, 0.200000, 5.571722), 0.200000 ) Diffuse ( (0.066488, 0.902672, 0.095262) )
Object Sphere ( (-3.808190, 0.200000, 6.129822), 0.200000 ) Diffuse ( (0.310666, 0.271450, 0.683001) )
Object Sphere ( (-3.946753, 0.200000, 7.894175), 0.200000 ) Diffuse ( (0.318308, 0.312425, 0.013002) )
Object Sphere ( (-3.573543, 0.200000, 8.893799), 0.200000 ) Diffuse ( (0.013164, 0.013523, 0.264288) )
Object Sphere ( (-3.568491, 0.200000, 9.018778), 0.200000 ) Diffuse ( (0.170440, 0.376348, 0.217986) )
Object Sphere ( (-3.951207, 0.200000, 10.714491), 0.200000 ) Diffuse ( (0.171027, 0.039236, 0.248707) )
Object Sphere ( (-2.100683, 0.200000, -10.703622), 0.200000 ) Diffuse ( (0.285781, 0.228225, 0.039081) )
Object Sphere ( (-2.513823, 0.200000, -9.367596), 0.200000 ) Diffuse ( (0.017127, 0.057477, 0.469069) )
Object Sphere ( (-2.576393, 0.200000, -8.328029), 0.200000 ) Diffuse ( (0.428676, 0.070323, 0.203794) )
Object Sphere ( (-2.147870, 0.200000, -7.507148), 0.200000 ) Diffuse ( (0.146412, 0.218962, 0.548088) )
Object Sphere ( (-2.184143, 0.200000, -6.391035), 0.200000 ) Diffuse ( (0.231278, 0.499146, 0.004383) )
Object Sphere ( (-2.545195, 0.200000, -5.332983), 0.200000 ) Diffuse ( (0.146004, 0.244589, 0.233646) )
Object Sphere ( (-2.153247, 0.200000, -4.149773), 0.200000 ) Diffuse ( (0.009307, 0.377428, 0.213293) )
Object Sphere ( (-2.436963, 0.200000, -3.239496), 0.200000 ) Diffuse ( (0.289161, 0.085571, 0.237410) )
Object Sphere ( (-2.139050, 0.200000, -2.343987), 0.200000 ) Metallic ( (0.879886, 0.848871, 0.554669), 0.127216 )
Object Sphere ( (-2.989429, 0.200000, -1.851486), 0.200000 ) Diffuse ( (0.132206, 0.184918, 0.489499) )
Object Sphere ( (-2.409512, 0.200000, -0.957837), 0.200000 ) Diffuse ( (0.434787, 0.386394, 0.040917) )
Object Sphere ( (-2.313416, 0.200000, 0.516792), 0.200000 ) Metallic ( (0.507403, 0.540398, 0.741871), 0.061245 )
Object Sphere ( (-2.757684, 0.200000, 1.033666), 0.200000 ) Diffuse ( (0.036687, 0.027019, 0.236704) )
Object Sphere ( (-2.759189, 0.200000, 2.669651), 0.200000 ) Diffuse ( (0.052916, 0.421231, 0.174005) )
Object Sphere ( (-2.166272, 0.200000, 3.610516), 0.200000 ) Diffuse ( (0.029441, 0.264651, 0.525449) )
Object Sphere ( (-2.792390, 0.200000, 4.612153), 0.200000 ) Metallic ( (0.545184, 0.634042, 0.946408), 0.410564 )
Object Sphere ( (-2.892559, 0.200000, 5.002908), 0.200000 ) Diffuse ( (0.276916, 0.105292, 0.132018) )
Object Sphere ( (-2.223374, 0.200000, 6.162086), 0.200000 ) Crystalline ( 1.500000 )
Object Sphere ( (-2.141191, 0.200000, 7.683631), 0.200000 ) Crystalline ( 1.500000 )
Object Sphere ( (-2.207463, 0.200000, 8.394148), 0.200000 ) Diffuse ( (0.107121, 0.230717, 0.010727) )
Object Sphere ( (-2.416650, 0.200000, 9.843079), 0.200000 ) Diffuse ( (0.040794, 0.531394, 0.406155) )
Object Sphere ( (-2.259413, 0.200000, 10.171452), 0.200000 ) Diffuse ( (0.541297, 0.135068, 0.728858) )
Object Sphere ( (-1.630990, 0.200000, -10.294135), 0.200000 ) Diffuse ( (0.269200, 0.835172, 0.012324) )
Object Sphere ( (-1.851777, 0.200000, -9.857271), 0.200000 ) Diffuse ( (0.294808, 0.032279, 0.554147) )
Object Sphere ( (-1.122158, 0.200000, -8.193044), 0.200000 ) Diffuse ( (0.006333, 0.162033, 0.091732) )
Object Sphere ( (-1.238483, 0.200000, -7.331640), 0.200000 ) Diffuse ( (0.746344, 0.319975, 0.087079) )
Object Sphere ( (-1.959508, 0.200000, -6.116218), 0.200000 ) Diffuse ( (0.027709, 0.087194, 0.061822) )
Object Sphere ( (-1.687442, 0.200000, -5.799543), 0.200000 ) Diffuse ( (0.513238, 0.106379, 0.210650) )
Object Sphere ( (-1.734222, 0.200000, -4.470898), 0.200000 ) Diffuse ( (0.123365, 0.017527, 0.021566) )
Object Sphere ( (-1.165065, 0.200000, -3.423899), 0.200000 ) Diffuse ( (0.037382, 0.806010, 0.837357) )
Object Sphere ( (-1.956135, 0.200000, -2.381209), 0.200000 ) Diffuse ( (0.494066, 0.126919, 0.026129) )
Object Sphere ( (-1.694241, 0.200000, -1.897205), 0.200000 ) Diffuse ( (0.319771, 0.785336, 0.394868) )
Object Sphere ( (-1.914325, 0.200000, -0.285178), 0.200000 ) Metallic ( (0.871451, 0.867653, 0.943368), 0.407598 )
Object Sphere ( (-1.412671, 0.200000, 0.657835), 0.200000 ) Diffuse ( (0.573022, 0.560474, 0.607770) )
Object Sphere ( (-1.894705, 0.200000, 1.805509), 0.200000 ) Metallic ( (0.501311, 0.922817, 0.786539), 0.145594 )
Object Sphere ( (-1.501468, 0.200000, 2.166828), 0.200000 ) Diffuse ( (0.021559, 0.294684, 0.045595) )
Object Sphere ( (-1.909751, 0.200000, 3.153737), 0.200000 ) Diffuse ( (0.315830, 0.121824, 0.377588) )
Object Sphere ( (-1.736700, 0.200000, 4.564497), 0.200000 ) Diffuse ( (0.051000, 0.039404, 0.140787) )
Object Sphere ( (-1.909361, 0.200000, 5.695714), 0.200000 ) Diffuse ( (0.344730, 0.038077, 0.266600) )
Object Sphere ( (-1.572782, 0.200000, 6.539616), 0.200000 ) Diffuse ( (0.301329, 0.593216, 0.106058) )
Object Sphere ( (-1.830182, 0.200000, 7.621658), 0.200000 ) Diffuse ( (0.110047, 0.449151, 0.115820) )
Object Sphere ( (-1.711305, 0.200000, 8.176481), 0.200000 ) Diffuse ( (0.194942, 0.004161, 0.729107) )
Object Sphere ( (-1.623848, 0.200000, 9.436427), 0.200000 ) Diffuse ( (0.123131, 0.003577, 0.013536) )
Object Sphere ( (-1.376020, 0.200000, 10.680637), 0.200000 ) Metallic ( (0.795006, 0.692021, 0.759218), 0.200663 )
Object Sphere ( (-0.634674, 0.200000, -10.250244), 0.200000 ) Diffuse ( (0.796569, 0.008135, 0.243120) )
Object Sphere ( (-0.152820, 0.200000, -9.358730), 0.200000 ) Crystalline ( 1.500000 )
Object Sphere ( (-0.554133, 0.200000, -8.942093), 0.200000 ) Diffuse ( (0.528566, 0.057900, 0.183395) )
Object Sphere ( (-0.929857, 0.200000, -7.635420), 0.200000 ) Diffuse ( (0.105564, 0.399966, 0.018922) )
Object Sphere ( (-0.110484, 0.200000, -6.589454), 0.200000 ) Diffuse ( (0.536588, 0.030220, 0.402889) )
Object Sphere ( (-0.653915, 0.200000, -5.318187), 0.200000 ) Metallic ( (0.662759, 0.724440, 0.880514), 0.415055 )
Object Sphere ( (-0.785014, 0.200000, -4.101672), 0.200000 ) Diffuse ( (0.240514, 0.072295, 0.089600) )
Object Sphere ( (-0.982960, 0.200000, -3.880840), 0.200000 ) Diffuse ( (0.043627, 0.029682, 0.050161) )
Object Sphere ( (-0.194760, 0.200000, -2.953757), 0.200000 ) Diffuse ( (0.577825, 0.348520, 0.617139) )
Object Sphere ( (-0.639867, 0.200000, -1.668390), 0.200000 ) Diffuse ( (0.599467, 0.003772, 0.357078) )
Object Sphere ( (-0.158234, 0.200000, -0.957171), 0.200000 ) Diffuse ( (0.574137, 0.030181, 0.252195) )
Object Sphere ( (-0.866588, 0.200000, 0.740594), 0.200000 ) Diffuse ( (0.011574, 0.135209, 0.397400) )
Object Sphere ( (-0.408790, 0.200000, 1.764021), 0.200000 ) Diffuse ( (0.031566, 0.015098, 0.057427) )
Object Sphere ( (-0.900616, 0.200000, 2.066652), 0.200000 ) Crystalline ( 1.500000 )
Object Sphere ( (-0.857786, 0.200000, 3.227948), 0.200000 ) Crystalline ( 1.500000 )
Object Sphere ( (-0.326109, 0.200000, 4.612162), 0.200000 ) Metallic ( (0.920449, 0.700641, 0.563008), 0.480507 )
Object Sphere ( (-0.109779, 0.200000, 5.201747), 0.200000 ) Diffuse ( (0.230097, 0.038892, 0.386980) )
Object Sphere ( (-0.194388, 0.200000, 6.733315), 0.200000 ) Diffuse ( (0.070946, 0.221778, 0.070216) )
Object Sphere ( (-0.532324, 0.200000, 7.222687), 0.200000 ) Diffuse ( (0.077134, 0.058313, 0.096503) )
Object Sphere ( (-0.255065, 0.200000, 8.276212), 0.200000 ) Diffuse ( (0.455927, 0.045494, 0.047042) )
Object Sphere ( (-0.325279, 0.200000, 9.708957), 0.200000 ) Diffuse ( (0.594698, 0.112445, 0.072323) )
Object Sphere ( (-0.238022, 0.200000, 10.111813), 0.200000 ) Diffuse ( (0.328128, 0.004566, 0.189845) )
Object Sphere ( (0.698099, 0.200000, -10.426041), 0.200000 ) Diffuse ( (0.077635, 0.080942, 0.104507) )
Object Sphere ( (0.645504, 0.200000, -9.595124), 0.200000 ) Diffuse ( (0.608940, 0.285644, 0.420817) )
Object Sphere ( (0.563491, 0.200000, -8.982911), 0.200000 ) Diffuse ( (0.072954, 0.487777, 0.111410) )
Object Sphere ( (0.594869, 0.200000, -7.355518), 0.200000 ) Diffuse ( (0.585070, 0.034229, 0.149901) )
Object Sphere ( (0.500634, 0.200000, -6.482317), 0.200000 ) Diffuse ( (0.220933, 0.000306, 0.202081) )
Object Sphere ( (0.307460, 0.200000, -5.109847), 0.200000 ) Diffuse ( (0.460663, 0.333129, 0.035492) )
Object Sphere ( (0.150153, 0.200000, -4.484539), 0.200000 ) Diffuse ( (0.213274, 0.392355, 0.248251) )
Object Sphere ( (0.828084, 0.200000, -3.306634), 0.200000 ) Diffuse ( (0.030833, 0.140087, 0.703011) )
Object Sphere ( (0.473455, 0.200000, -2.684813), 0.200000 ) Diffuse ( (0.128637, 0.078511, 0.733844) )
Object Sphere ( (0.501302, 0.200000, -1.886079), 0.200000 ) Diffuse ( (0.260881, 0.023241, 0.009850) )
Object Sphere ( (0.092191, 0.200000, -0.974350), 0.200000 ) Diffuse ( (0.418652, 0.268282, 0.298811) )
Object Sphere ( (0.126616, 0.200000, 0.702888), 0.200000 ) Metallic ( (0.715704, 0.745446, 0.534972), 0.452673 )
Object Sphere ( (0.851875, 0.200000, 1.356389), 0.200000 ) Metallic ( (0.773086, 0.790436, 0.799388), 0.016574 )
Object Sphere ( (0.502626, 0.200000, 2.124087), 0.200000 ) Diffuse ( (0.571156, 0.081272, 0.140780) )
Object Sphere ( (0.168256, 0.200000, 3.735001), 0.200000 ) Diffuse ( (0.157375, 0.201886, 0.627633) )
Object Sphere ( (0.182094, 0.200000, 4.603542), 0.200000 ) Diffuse ( (0.323485, 0.088773, 0.041883) )
Object Sphere ( (0.145020, 0.200000, 5.140631), 0.200000 ) Diffuse ( (0.230995, 0.083086, 0.634231) )
Object Sphere ( (0.252766, 0.200000, 6.466070), 0.200000 ) Diffuse ( (0.446088, 0.000206, 0.535186) )
Object Sphere ( (0.285251, 0.200000, 7.877694), 0.200000 ) Diffuse ( (0.063188, 0.983337, 0.130608) )
Object Sphere ( (0.635870, 0.200000, 8.507637), 0.200000 ) Diffuse ( (0.339940, 0.319974, 0.154629) )
Object Sphere ( (0.136856, 0.200000, 9.661088), 0.200000 ) Diffuse ( (0.184510, 0.346576, 0.177374) )
Object Sphere ( (0.803933, 0.200000, 10.510572), 0.200000 ) Diffuse ( (0.028363, 0.624286, 0.025613) )
Object Sphere ( (1.411347, 0.200000, -10.232409), 0.200000 ) Diffuse ( (0.524850, 0.011854, 0.412612) )
Object Sphere ( (1.193530, 0.200000, -9.943348), 0.200000 ) Diffuse ( (0.678131, 0.304977, 0.123926) )
Object Sphere ( (1.238313, 0.200000, -8.562016), 0.200000 ) Crystalline ( 1.500000 )
Object Sphere ( (1.748886, 0.200000, -7.908643), 0.200000 ) Diffuse ( (0.167329, 0.071022, 0.106119) )
Object Sphere ( (1.545265, 0.200000, -6.164258), 0.200000 ) Diffuse ( (0.269949, 0.052084, 0.446440) )
Object Sphere ( (1.758907, 0.200000, -5.306386), 0.200000 ) Diffuse ( (0.142318, 0.295795, 0.529962) )
Object Sphere ( (1.028804, 0.200000, -4.773152), 0.200000 ) Diffuse ( (0.497045, 0.041386, 0.272204) )
Object Sphere ( (1.773217, 0.200000, -3.226281), 0.200000 ) Diffuse ( (0.309595, 0.444778, 0.931990) )
Object Sphere ( (1.825945, 0.200000, -2.881200), 0.200000 ) Diffuse ( (0.028140, 0.190235, 0.208276) )
Object Sphere ( (1.800238, 0.200000, -1.497542), 0.200000 ) Metallic ( (0.714876, 0.570603, 0.885690), 0.198874 )
Object Sphere ( (1.506937, 0.200000, -0.360274), 0.200000 ) Diffuse ( (0.020808, 0.153140, 0.274711) )
Object Sphere ( (1.762327, 0.200000, 0.290664), 0.200000 ) Diffuse ( (0.335305, 0.394202, 0.249364) )
Object Sphere ( (1.022412, 0.200000, 1.429590), 0.200000 ) Diffuse ( (0.043600, 0.328602, 0.339772) )
Object Sphere ( (1.615108, 0.200000, 2.766608), 0.200000 ) Metallic ( (0.946955, 0.697130, 0.550527), 0.165323 )
Object Sphere ( (1.084670, 0.200000, 3.796926), 0.200000 ) Diffuse ( (0.000227, 0.022883, 0.100545) )
Object Sphere ( (1.377272, 0.200000, 4.381399), 0.200000 ) Diffuse ( (0.700616, 0.569323, 0.159248) )
Object Sphere ( (1.390319, 0.200000, 5.377694), 0.200000 ) Diffuse ( (0.232006, 0.788730, 0.453701) )
Object Sphere ( (1.048283, 0.200000, 6.407614), 0.200000 ) Diffuse ( (0.094517, 0.119092, 0.003706) )
Object Sphere ( (1.661348, 0.200000, 7.618990), 0.200000 ) Diffuse ( (0.291959, 0.110991, 0.035196) )
Object Sphere ( (1.428730, 0.200000, 8.232000), 0.200000 ) Diffuse ( (0.225454, 0.600121, 0.156259) )
Object Sphere ( (1.673148, 0.200000, 9.339640), 0.200000 ) Diffuse ( (0.172396, 0.072049, 0.157483) )
Object Sphere ( (1.767360, 0.200000, 10.608175), 0.200000 ) Diffuse ( (0.157488, 0.112496, 0.452488) )
Object Sphere ( (2.153199, 0.200000, -10.157316), 0.200000 ) Diffuse ( (0.056453, 0.180605, 0.370481) )
Object Sphere ( (2.593200, 0.200000, -9.732141), 0.200000 ) Diffuse ( (0.137286, 0.016859, 0.673613) )
Object Sphere ( (2.091467, 0.200000, -8.453589), 0.200000 ) Diffuse ( (0.277426, 0.644881, 0.884098) )
Object Sphere ( (2.872864, 0.200000, -7.472158), 0.200000 ) Diffuse ( (0.267827, 0.186659, 0.034096) )
Object Sphere ( (2.833237, 0.200000, -6.711229), 0.200000 ) Diffuse ( (0.058856, 0.085581, 0.462470) )
Object Sphere ( (2.373635, 0.200000, -5.266517), 0.200000 ) Diffuse ( (0.421708, 0.001644, 0.464575) )
Object Sphere ( (2.275003, 0.200000, -4.744081), 0.200000 ) Metallic ( (0.777186, 0.946025, 0.827150), 0.292261 )
Object Sphere ( (2.414482, 0.200000, -3.239208), 0.200000 ) Diffuse ( (0.044524, 0.402033, 0.666851) )
Object Sphere ( (2.816975, 0.200000, -2.366471), 0.200000 ) Diffuse ( (0.426907, 0.004207, 0.036223) )
Object Sphere ( (2.460736, 0.200000, -1.685258), 0.200000 ) Diffuse ( (0.066180, 0.418831, 0.082445) )
Object Sphere ( (2.573104, 0.200000, -0.331153), 0.200000 ) Diffuse ( (0.074522, 0.266659, 0.040107) )
Object Sphere ( (2.262240, 0.200000, 0.773396), 0.200000 ) Diffuse ( (0.039138, 0.899413, 0.112811) )
Object Sphere ( (2.831616, 0.200000, 1.726024), 0.200000 ) Crystalline ( 1.500000 )
Object Sphere ( (2.246358, 0.200000, 2.751813), 0.200000 ) Diffuse ( (0.148975, 0.032777, 0.918837) )
Object Sphere ( (2.819241, 0.200000, 3.386742), 0.200000 ) Diffuse ( (0.050729, 0.097054, 0.418061) )
Object Sphere ( (2.478900, 0.200000, 4.348303), 0.200000 ) Diffuse ( (0.113375, 0.513428, 0.306424) )
Object Sphere ( (2.182079, 0.200000, 5.238270), 0.200000 ) Metallic ( (0.522727, 0.518829, 0.866284), 0.385861 )
Object Sphere ( (2.111326, 0.200000, 6.877936), 0.200000 ) Diffuse ( (0.059658, 0.085757, 0.113788) )
Object Sphere ( (2.490108, 0.200000, 7.737097), 0.200000 ) Diffuse ( (0.210898, 0.192732, 0.337982) )
Object Sphere ( (2.355357, 0.200000, 8.597884), 0.200000 ) Diffuse ( (0.214079, 0.261033, 0.458830) )
Object Sphere ( (2.027384, 0.200000, 9.853385), 0.200000 ) Diffuse ( (0.691139, 0.001602, 0.097366) )
Object Sphere ( (2.152649, 0.200000, 10.078004), 0.200000 ) Diffuse ( (0.494394, 0.304028, 0.138870) )
Object Sphere ( (3.147964, 0.200000, -10.598016), 0.200000 ) Diffuse ( (0.480369, 0.554561, 0.036661) )
Object Sphere ( (3.895727, 0.200000, -9.148247), 0.200000 ) Diffuse ( (0.118232, 0.455530, 0.021872) )
Object Sphere ( (3.356179, 0.200000, -8.579830), 0.200000 ) Diffuse ( (0.526052, 0.256291, 0.010400) )
Object Sphere ( (3.201904, 0.200000, -7.910668), 0.200000 ) Diffuse ( (0.722932, 0.380630, 0.251442) )
Object Sphere ( (3.378709, 0.200000, -6.489117), 0.200000 ) Diffuse ( (0.199323, 0.062735, 0.004791) )
Object Sphere ( (3.550151, 0.200000, -5.133734), 0.200000 ) Diffuse ( (0.086892, 0.008912, 0.324139) )
Object Sphere ( (3.808755, 0.200000, -4.690260), 0.200000 ) Diffuse ( (0.166002, 0.484225, 0.225438) )
Object Sphere ( (3.468434, 0.200000, -3.249266), 0.200000 ) Diffuse ( (0.046828, 0.033635, 0.221134) )
Object Sphere ( (3.535591, 0.200000, -2.481059), 0.200000 ) Diffuse ( (0.003633, 0.432512, 0.113560) )
Object Sphere ( (3.739601, 0.200000, -1.529056), 0.200000 ) Metallic ( (0.929642, 0.582967, 0.559876), 0.480334 )
Object Sphere ( (3.771443, 0.200000, -0.973045), 0.200000 ) Diffuse ( (0.130934, 0.010623, 0.257033) )
Object Sphere ( (3.079004, 0.200000, 0.325007), 0.200000 ) Crystalline ( 1.500000 )
Object Sphere ( (3.182876, 0.200000, 1.690176), 0.200000 ) Diffuse ( (0.012237, 0.221841, 0.038994) )
Object Sphere ( (3.328314, 0.200000, 2.399237), 0.200000 ) Diffuse ( (0.030534, 0.161940, 0.877249) )
Object Sphere ( (3.344211, 0.200000, 3.420561), 0.200000 ) Diffuse ( (0.287958, 0.043197, 0.194739) )
Object Sphere ( (3.154247, 0.200000, 4.304584), 0.200000 ) Diffuse ( (0.230060, 0.332346, 0.106189) )
Object Sphere ( (3.284482, 0.200000, 5.085089), 0.200000 ) Diffuse ( (0.040241, 0.663381, 0.075287) )
Object Sphere ( (3.731859, 0.200000, 6.831028), 0.200000 ) Diffuse ( (0.144245, 0.222905, 0.268257) )
Object Sphere ( (3.872163, 0.200000, 7.268775), 0.200000 ) Diffuse ( (0.005446, 0.140126, 0.102889) )
Object Sphere ( (3.744541, 0.200000, 8.780414), 0.200000 ) Diffuse ( (0.036907, 0.914207, 0.013273) )
Object Sphere ( (3.112748, 0.200000, 9.361176), 0.200000 ) Diffuse ( (0.610747, 0.014162, 0.220407) )
Object Sphere ( (3.840881, 0.200000, 10.601357), 0.200000 ) Diffuse ( (0.253720, 0.035966, 0.026358) )
Object Sphere ( (4.096964, 0.200000, -10.205982), 0.200000 ) Diffuse ( (0.946624, 0.292240, 0.130502) )
Object Sphere ( (4.470329, 0.200000, -9.150760), 0.200000 ) Diffuse ( (0.066619, 0.385033, 0.202587) )
Object Sphere ( (4.232572, 0.200000, -8.582212), 0.200000 ) Diffuse ( (0.015220, 0.091701, 0.005902) )
Object Sphere ( (4.445819, 0.200000, -7.661993), 0.200000 ) Diffuse ( (0.202648, 0.013022, 0.776110) )
Object Sphere ( (4.545074, 0.200000, -6.451238), 0.200000 ) Diffuse ( (0.029997, 0.289146, 0.003211) )
Object Sphere ( (4.375581, 0.200000, -5.514406), 0.200000 ) Diffuse ( (0.155579, 0.082650, 0.004125) )
Object Sphere ( (4.124685, 0.200000, -4.758297), 0.200000 ) Diffuse ( (0.185350, 0.300501, 0.053539) )
Object Sphere ( (4.595366, 0.200000, -3.494459), 0.200000 ) Crystalline ( 1.500000 )
Object Sphere ( (4.244129, 0.200000, -2.486042), 0.200000 ) Diffuse ( (0.022848, 0.079064, 0.127367) )
Object Sphere ( (4.688431, 0.200000, -1.503451), 0.200000 ) Diffuse ( (0.451714, 0.241648, 0.167354) )
Object Sphere ( (4.727639, 0.200000, 0.531301), 0.200000 ) Diffuse ( (0.122913, 0.079045, 0.154549) )
Object Sphere ( (4.421639, 0.200000, 1.677575), 0.200000 ) Metallic ( (0.635401, 0.521707, 0.987199), 0.084113 )
Object Sphere ( (4.446560, 0.200000, 2.130312), 0.200000 ) Diffuse ( (0.002588, 0.050285, 0.529505) )
Object Sphere ( (4.873375, 0.200000, 3.507965), 0.200000 ) Diffuse ( (0.647333, 0.019184, 0.048379) )
Object Sphere ( (4.290367, 0.200000, 4.747687), 0.200000 ) Crystalline ( 1.500000 )
Object Sphere ( (4.198049, 0.200000, 5.870954), 0.200000 ) Diffuse ( (0.508699, 0.201098, 0.089236) )
Object Sphere ( (4.789073, 0.200000, 6.396141), 0.200000 ) Diffuse ( (0.258116, 0.183527, 0.011831) )
Object Sphere ( (4.199121, 0.200000, 7.809493), 0.200000 ) Diffuse ( (0.702037, 0.143400, 0.204864) )
Object Sphere ( (4.696153, 0.200000, 8.662482), 0.200000 ) Diffuse ( (0.040084, 0.021909, 0.779517) )
Object Sphere ( (4.141121, 0.200000, 9.340973), 0.200000 ) Diffuse ( (0.000612, 0.195088, 0.423829) )
Object Sphere ( (4.171272, 0.200000, 10.288821), 0.200000 ) Metallic ( (0.889076, 0.544870, 0.836011), 0.278453 )
Object Sphere ( (5.058479, 0.200000, -10.345790), 0.200000 ) Crystalline ( 1.500000 )
Object Sphere ( (5.006945, 0.200000, -9.575580), 0.200000 ) Diffuse ( (0.089144, 0.617069, 0.203595) )
Object Sphere ( (5.885838, 0.200000, -8.768319), 0.200000 ) Metallic ( (0.993796, 0.570533, 0.818141), 0.268768 )
Object Sphere ( (5.282957, 0.200000, -7.335779), 0.200000 ) Diffuse ( (0.559753, 0.192948, 0.309853) )
Object Sphere ( (5.494567, 0.200000, -6.266138), 0.200000 ) Diffuse ( (0.008637, 0.036107, 0.306540) )
Object Sphere ( (5.363088, 0.200000, -5.800604), 0.200000 ) Diffuse ( (0.591231, 0.600387, 0.325122) )
Object Sphere ( (5.046087, 0.200000, -4.742704), 0.200000 ) Diffuse ( (0.143685, 0.385126, 0.149953) )
Object Sphere ( (5.045229, 0.200000, -3.691884), 0.200000 ) Diffuse ( (0.195541, 0.020190, 0.433086) )
Object Sphere ( (5.379656, 0.200000, -2.515733), 0.200000 ) Diffuse ( (0.014450, 0.426865, 0.150092) )
Object Sphere ( (5.616656, 0.200000, -1.950793), 0.200000 ) Diffuse ( (0.345870, 0.534751, 0.120206) )
Object Sphere ( (5.249852, 0.200000, -0.188005), 0.200000 ) Diffuse ( (0.041899, 0.443130, 0.401799) )
Object Sphere ( (5.012007, 0.200000, 0.091603), 0.200000 ) Diffuse ( (0.128576, 0.226202, 0.731007) )
Object Sphere ( (5.481363, 0.200000, 1.596782), 0.200000 ) Diffuse ( (0.624225, 0.456501, 0.022513) )
Object Sphere ( (5.219982, 0.200000, 2.272341), 0.200000 ) Diffuse ( (0.230672, 0.125815, 0.372896) )
Object Sphere ( (5.746778, 0.200000, 3.019619), 0.200000 ) Diffuse ( (0.396374, 0.023576, 0.007208) )
Object Sphere ( (5.603689, 0.200000, 4.000742), 0.200000 ) Diffuse ( (0.084203, 0.080191, 0.038397) )
Object Sphere ( (5.304379, 0.200000, 5.826180), 0.200000 ) Metallic ( (0.952163, 0.820400, 0.831697), 0.329951 )
Object Sphere ( (5.045870, 0.200000, 6.254989), 0.200000 ) Diffuse ( (0.386889, 0.465054, 0.060060) )
Object Sphere ( (5.507195, 0.200000, 7.192935), 0.200000 ) Diffuse ( (0.729613, 0.045454, 0.496634) )
Object Sphere ( (5.215378, 0.200000, 8.774213), 0.200000 ) Metallic ( (0.984469, 0.912798, 0.501929), 0.069611 )
Object Sphere ( (5.565956, 0.200000, 9.147416), 0.200000 ) Metallic ( (0.914494, 0.766583, 0.902298), 0.292615 )
Object Sphere ( (5.837651, 0.200000, 10.525719), 0.200000 ) Diffuse ( (0.001879, 0.148232, 0.262080) )
Object Sphere ( (6.647103, 0.200000, -10.476236), 0.200000 ) Diffuse ( (0.586133, 0.105479, 0.252973) )
Object Sphere ( (6.855837, 0.200000, -9.134734), 0.200000 ) Crystalline ( 1.500000 )
Object Sphere ( (6.827882, 0.200000, -8.291698), 0.200000 ) Crystalline ( 1.500000 )
Object Sphere ( (6.493837, 0.200000, -7.144281), 0.200000 ) Metallic ( (0.657861, 0.540937, 0.877697), 0.243367 )
Object Sphere ( (6.221800, 0.200000, -6.400595), 0.200000 ) Metallic ( (0.906003, 0.878423, 0.526200), 0.260791 )
Object Sphere ( (6.285121, 0.200000, -5.226995), 0.200000 ) Diffuse ( (0.364081, 0.294122, 0.377234) )
Object Sphere ( (6.646155, 0.200000, -4.727939), 0.200000 ) Diffuse ( (0.103701, 0.655703, 0.038722) )
Object Sphere ( (6.077267, 0.200000, -3.350383), 0.200000 ) Metallic ( (0.744712, 0.700787, 0.901835), 0.323056 )
Object Sphere ( (6.009906, 0.200000, -2.416784), 0.200000 ) Diffuse ( (0.036877, 0.487950, 0.211369) )
Object Sphere ( (6.689748, 0.200000, -1.242509), 0.200000 ) Diffuse ( (0.143708, 0.461021, 0.237572) )
Object Sphere ( (6.831687, 0.200000, -0.201027), 0.200000 ) Diffuse ( (0.476677, 0.465730, 0.060800) )
Object Sphere ( (6.009577, 0.200000, 0.527673), 0.200000 ) Diffuse ( (0.036720, 0.024156, 0.001437) )
Object Sphere ( (6.294554, 0.200000, 1.153844), 0.200000 ) Metallic ( (0.882944, 0.584470, 0.708294), 0.499750 )
Object Sphere ( (6.246975, 0.200000, 2.451060), 0.200000 ) Diffuse ( (0.009967, 0.048948, 0.005188) )
Object Sphere ( (6.853390, 0.200000, 3.075861), 0.200000 ) Diffuse ( (0.257396, 0.291739, 0.855881) )
Object Sphere ( (6.203922, 0.200000, 4.458284), 0.200000 ) Diffuse ( (0.159407, 0.129251, 0.051120) )
Object Sphere ( (6.707694, 0.200000, 5.607306), 0.200000 ) Diffuse ( (0.357471, 0.139536, 0.170094) )
Object Sphere ( (6.401996, 0.200000, 6.848149), 0.200000 ) Crystalline ( 1.500000 )
Object Sphere ( (6.477857, 0.200000, 7.035569), 0.200000 ) Diffuse ( (0.468352, 0.364739, 0.009627) )
Object Sphere ( (6.324274, 0.200000, 8.089517), 0.200000 ) Diffuse ( (0.092343, 0.000593, 0.487407) )
Object Sphere ( (6.342490, 0.200000, 9.518288), 0.200000 ) Diffuse ( (0.008613, 0.129493, 0.318682) )
Object Sphere ( (6.876634, 0.200000, 10.232532), 0.200000 ) Diffuse ( (0.001172, 0.001266, 0.376592) )
Object Sphere ( (7.531569, 0.200000, -10.148816), 0.200000 ) Diffuse ( (0.053166, 0.484892, 0.147344) )
Object Sphere ( (7.455622, 0.200000, -9.871346), 0.200000 ) Diffuse ( (0.144848, 0.019423, 0.651957) )
Object Sphere ( (7.126946, 0.200000, -8.226683), 0.200000 ) Diffuse ( (0.037091, 0.171424, 0.443763) )
Object Sphere ( (7.088252, 0.200000, -7.432304), 0.200000 ) Diffuse ( (0.220205, 0.003230, 0.058943) )
Object Sphere ( (7.554257, 0.200000, -6.849702), 0.200000 ) Diffuse ( (0.090129, 0.489772, 0.044160) )
Object Sphere ( (7.618436, 0.200000, -5.631282), 0.200000 ) Diffuse ( (0.150329, 0.402995, 0.496996) )
Object Sphere ( (7.052914, 0.200000, -4.354243), 0.200000 ) Diffuse ( (0.522115, 0.209663, 0.033010) )
Object Sphere ( (7.248340, 0.200000, -3.354657), 0.200000 ) Diffuse ( (0.471342, 0.193972, 0.395307) )
Object Sphere ( (7.839980, 0.200000, -2.761015), 0.200000 ) Diffuse ( (0.103880, 0.138681, 0.712239) )
Object Sphere ( (7.418055, 0.200000, -1.705534), 0.200000 ) Crystalline ( 1.500000 )
Object Sphere ( (7.163812, 0.200000, -0.582257), 0.200000 ) Diffuse ( (0.960167, 0.075455, 0.355779) )
Object Sphere ( (7.632377, 0.200000, 0.289863), 0.200000 ) Diffuse ( (0.467748, 0.137790, 0.044396) )
Object Sphere ( (7.062202, 0.200000, 1.700922), 0.200000 ) Diffuse ( (0.586872, 0.049003, 0.220385) )
Object Sphere ( (7.881146, 0.200000, 2.765907), 0.200000 ) Crystalline ( 1.500000 )
Object Sphere ( (7.398890, 0.200000, 3.290796), 0.200000 ) Diffuse ( (0.006520, 0.107956, 0.520978) )
Object Sphere ( (7.368671, 0.200000, 4.095846), 0.200000 ) Metallic ( (0.912021, 0.776895, 0.707233), 0.320271 )
Object Sphere ( (7.564855, 0.200000, 5.122287), 0.200000 ) Diffuse ( (0.311671, 0.084135, 0.618694) )
Object Sphere ( (7.369752, 0.200000, 6.279850), 0.200000 ) Metallic ( (0.649831, 0.694944, 0.580976), 0.435815 )
Object Sphere ( (7.818738, 0.200000, 7.749789), 0.200000 ) Diffuse ( (0.027218, 0.356457, 0.320905) )
Object Sphere ( (7.396412, 0.200000, 8.399295), 0.200000 ) Diffuse ( (0.118943, 0.026409, 0.932097) )
Object Sphere ( (7.529962, 0.200000, 9.043203), 0.200000 ) Diffuse ( (0.583857, 0.280031, 0.411418) )
Object Sphere ( (7.133685, 0.200000, 10.838396), 0.200000 ) Diffuse ( (0.701334, 0.869844, 0.406781) )
Object Sphere ( (8.865912, 0.200000, -10.847735), 0.200000 ) Diffuse ( (0.251488, 0.401122, 0.377711) )
Object Sphere ( (8.482907, 0.200000, -9.348832), 0.200000 ) Diffuse ( (0.017150, 0.429054, 0.072528) )
Object Sphere ( (8.731540, 0.200000, -8.818292), 0.200000 ) Diffuse ( (0.137647, 0.736163, 0.738441) )
Object Sphere ( (8.824984, 0.200000, -7.332950), 0.200000 ) Crystalline ( 1.500000 )
Object Sphere ( (8.077248, 0.200000, -6.559631), 0.200000 ) Metallic ( (0.633310, 0.887513, 0.518673), 0.430417 )
Object Sphere ( (8.602872, 0.200000, -5.641172), 0.200000 ) Diffuse ( (0.491988, 0.087519, 0.034081) )
Object Sphere ( (8.750791, 0.200000, -4.983103), 0.200000 ) Diffuse ( (0.038873, 0.051870, 0.052902) )
Object Sphere ( (8.497149, 0.200000, -3.141069), 0.200000 ) Diffuse ( (0.102558, 0.440169, 0.027646) )
Object Sphere ( (8.296903, 0.200000, -2.800038), 0.200000 ) Diffuse ( (0.448283, 0.536072, 0.016348) )
Object Sphere ( (8.425517, 0.200000, -1.144214), 0.200000 ) Metallic ( (0.783695, 0.745785, 0.554411), 0.366589 )
Object Sphere ( (8.192980, 0.200000, -0.358981), 0.200000 ) Diffuse ( (0.121181, 0.301616, 0.347932) )
Object Sphere ( (8.564525, 0.200000, 0.415316), 0.200000 ) Diffuse ( (0.444666, 0.050146, 0.307677) )
Object Sphere ( (8.216537, 0.200000, 1.104857), 0.200000 ) Diffuse ( (0.335288, 0.001757, 0.049560) )
Object Sphere ( (8.050193, 0.200000, 2.632786), 0.200000 ) Diffuse ( (0.278410, 0.410277, 0.016517) )
Object Sphere ( (8.310951, 0.200000, 3.880406), 0.200000 ) Diffuse ( (0.449586, 0.746842, 0.153847) )
Object Sphere ( (8.289560, 0.200000, 4.240524), 0.200000 ) Diffuse ( (0.055969, 0.376983, 0.377046) )
Object Sphere ( (8.608323, 0.200000, 5.634281), 0.200000 ) Crystalline ( 1.500000 )
Object Sphere ( (8.341110, 0.200000, 6.411436), 0.200000 ) Diffuse ( (0.283460, 0.146254, 0.444088) )
Object Sphere ( (8.800336, 0.200000, 7.406057), 0.200000 ) Metallic ( (0.535820, 0.702549, 0.874711), 0.132338 )
Object Sphere ( (8.472408, 0.200000, 8.357295), 0.200000 ) Diffuse ( (0.077700, 0.340476, 0.519792) )
Object Sphere ( (8.329865, 0.200000, 9.862464), 0.200000 ) Diffuse ( (0.050658, 0.030966, 0.141886) )
Object Sphere ( (8.766893, 0.200000, 10.807423), 0.200000 ) Diffuse ( (0.430226, 0.427491, 0.133506) )
Object Sphere ( (9.051747, 0.200000, -10.632013), 0.200000 ) Metallic ( (0.710695, 0.727246, 0.541897), 0.448246 )
Object Sphere ( (9.241220, 0.200000, -9.893139), 0.200000 ) Metallic ( (0.765425, 0.776448, 0.695744), 0.134240 )
Object Sphere ( (9.670358, 0.200000, -8.172529), 0.200000 ) Diffuse ( (0.297448, 0.063143, 0.012341) )
Object Sphere ( (9.375346, 0.200000, -7.788150), 0.200000 ) Diffuse ( (0.522094, 0.877450, 0.238093) )
Object Sphere ( (9.628716, 0.200000, -6.362421), 0.200000 ) Diffuse ( (0.109275, 0.030818, 0.063628) )
Object Sphere ( (9.846795, 0.200000, -5.394178), 0.200000 ) Diffuse ( (0.029389, 0.689153, 0.001288) )
Object Sphere ( (9.184882, 0.200000, -4.848100), 0.200000 ) Diffuse ( (0.192162, 0.206661, 0.010299) )
Object Sphere ( (9.081236, 0.200000, -3.698241), 0.200000 ) Diffuse ( (0.031372, 0.756112, 0.159311) )
Object Sphere ( (9.218918, 0.200000, -2.739434), 0.200000 ) Diffuse ( (0.818231, 0.362457, 0.370489) )
Object Sphere ( (9.877536, 0.200000, -1.395040), 0.200000 ) Diffuse ( (0.342646, 0.040757, 0.073905) )
Object Sphere ( (9.702138, 0.200000, -0.578370), 0.200000 ) Diffuse ( (0.123205, 0.029299, 0.149564) )
Object Sphere ( (9.711112, 0.200000, 0.098410), 0.200000 ) Diffuse ( (0.564141, 0.020494, 0.002479) )
Object Sphere ( (9.689081, 0.200000, 1.023569), 0.200000 ) Diffuse ( (0.138852, 0.038545, 0.031867) )
Object Sphere ( (9.346840, 0.200000, 2.579038), 0.200000 ) Diffuse ( (0.408103, 0.302923, 0.211219) )
Object Sphere ( (9.837921, 0.200000, 3.706436), 0.200000 ) Diffuse ( (0.184243, 0.000720, 0.190689) )
Object Sphere ( (9.762327, 0.200000, 4.097945), 0.200000 ) Diffuse ( (0.061399, 0.661597, 0.280275) )
Object Sphere ( (9.463695, 0.200000, 5.435211), 0.200000 ) Diffuse ( (0.152612, 0.153291, 0.415801) )
Object Sphere ( (9.051567, 0.200000, 6.580331), 0.200000 ) Metallic ( (0.759914, 0.921113, 0.557512), 0.294402 )
Object Sphere ( (9.504177, 0.200000, 7.611679), 0.200000 ) Diffuse ( (0.399088, 0.355707, 0.191515) )
Object Sphere ( (9.447136, 0.200000, 8.830255), 0.200000 ) Diffuse ( (0.134082, 0.262901, 0.066060) )
Object Sphere ( (9.293273, 0.200000, 9.465323), 0.200000 ) Crystalline ( 1.500000 )
Object Sphere ( (9.766829, 0.200000, 10.726360), 0.200000 ) Crystalline ( 1.500000 )
Object Sphere ( (10.818396, 0.200000, -10.593308), 0.200000 ) Diffuse ( (0.392233, 0.661383, 0.204194) )
Object Sphere ( (10.866108, 0.200000, -9.756812), 0.200000 ) Diffuse ( (0.093583, 0.506179, 0.157878) )
Object Sphere ( (10.758569, 0.200000, -8.652576), 0.200000 ) Diffuse ( (0.124923, 0.100874, 0.780739) )
Object Sphere ( (10.871695, 0.200000, -7.347894), 0.200000 ) Diffuse ( (0.845296, 0.102477, 0.165853) )
Object Sphere ( (10.807273, 0.200000, -6.337454), 0.200000 ) Crystalline ( 1.500000 )
Object Sphere ( (10.150461, 0.200000, -5.841259), 0.200000 ) Diffuse ( (0.017225, 0.887512, 0.152878) )
Object Sphere ( (10.413797, 0.200000, -4.486311), 0.200000 ) Diffuse ( (0.016190, 0.000817, 0.200950) )
Object Sphere ( (10.672441, 0.200000, -3.820961), 0.200000 ) Diffuse ( (0.077125, 0.134618, 0.071103) )
Object Sphere ( (10.751868, 0.200000, -2.304847), 0.200000 ) Diffuse ( (0.238003, 0.007134, 0.087122) )
Object Sphere ( (10.574661, 0.200000, -1.479011), 0.200000 ) Diffuse ( (0.349011, 0.007154, 0.054481) )
Object Sphere ( (10.437264, 0.200000, -0.588741), 0.200000 ) Diffuse ( (0.164696, 0.036243, 0.190103) )
Object Sphere ( (10.895701, 0.200000, 0.277898), 0.200000 ) Diffuse ( (0.278251, 0.177081, 0.335929) )
Object Sphere ( (10.498805, 0.200000, 1.803807), 0.200000 ) Diffuse ( (0.220700, 0.038061, 0.254944) )
Object Sphere ( (10.613462, 0.200000, 2.002131), 0.200000 ) Diffuse ( (0.449574, 0.103987, 0.075533) )
Object Sphere ( (10.463799, 0.200000, 3.579815), 0.200000 ) Diffuse ( (0.226148, 0.534443, 0.614267) )
Object Sphere ( (10.865668, 0.200000, 4.509617), 0.200000 ) Diffuse ( (0.113468, 0.800986, 0.309438) )
Object Sphere ( (10.195242, 0.200000, 5.667888), 0.200000 ) Diffuse ( (0.253355, 0.214815, 0.070701) )
Object Sphere ( (10.086542, 0.200000, 6.226999), 0.200000 ) Diffuse ( (0.231879, 0.291531, 0.603804) )
Object Sphere ( (10.014597, 0.200000, 7.890257), 0.200000 ) Diffuse ( (0.308220, 0.497229, 0.361454) )
Object Sphere ( (10.762596, 0.200000, 8.652306), 0.200000 ) Diffuse ( (0.076604, 0.102755, 0.760884) )
Object Sphere ( (10.295735, 0.200000, 9.064975), 0.200000 ) Diffuse ( (0.018433, 0.577699, 0.170991) )
Object Sphere ( (10.547971, 0.200000, 10.416231), 0.200000 ) Diffuse ( (0.001907, 0.258300, 0.282815) )
Object Sphere ( (0.000000, 1.000000, 0.000000), 1.000000 ) Crystalline ( 1.500000 )
Object Sphere ( (-4.000000, 1.000000, 0.000000), 1.000000 ) Diffuse ( (0.400000, 0.200000, 0.100000) )
Object Sphere ( (4.000000, 1.000000, 0.000000), 1.000000 ) Metallic ( (0.700000, 0.600000, 0.500000), 0.000000 )
