Tiempos de ejecución para 80x80, 2 procesos MPI, 8 hilos OMP, 10 ns
Iteración | Serie | OMP Columnas | OMP Filas | OMP Bloques | MPI Columnas | MPI Filas | MPI Bloques | MPI+OMP Columnas | MPI+OMP Filas | MPI+OMP Bloques
1 | 0.225124 | 0.221999 | 0.222917 | 0.223141 | 0.115001 | 0.128719 | 0.128335 | 0.113577 | 0.124338 | 0.124651
2 | 0.226276 | 0.222662 | 0.221301 | 0.222968 | 0.114759 | 0.129196 | 0.128561 | 0.113985 | 0.124432 | 0.126136
3 | 0.230256 | 0.223602 | 0.223630 | 0.223072 | 0.115223 | 0.129171 | 0.128693 | 0.115467 | 0.125267 | 0.125345
4 | 0.230544 | 0.221321 | 0.222481 | 0.223656 | 0.115164 | 0.128808 | 0.128454 | 0.115655 | 0.125078 | 0.124556
5 | 0.228864 | 0.223373 | 0.223466 | 0.223317 | 0.115076 | 0.130261 | 0.127856 | 0.114894 | 0.125012 | 0.125473
6 | 0.228576 | 0.222373 | 0.223464 | 0.224482 | 0.114831 | 0.129697 | 0.128080 | 0.114528 | 0.125324 | 0.125935
7 | 0.228973 | 0.223344 | 0.223260 | 0.223021 | 0.115507 | 0.129793 | 0.123136 | 0.110797 | 0.121157 | 0.121847
8 | 0.226687 | 0.223280 | 0.224873 | 0.223370 | 0.115273 | 0.129949 | 0.129424 | 0.114689 | 0.126574 | 0.125177
9 | 0.229400 | 0.223310 | 0.222931 | 0.223674 | 0.115303 | 0.130053 | 0.128575 | 0.114939 | 0.125831 | 0.125562
10 | 0.229653 | 0.224275 | 0.223946 | 0.222638 | 0.115981 | 0.130559 | 0.128080 | 0.114874 | 0.125752 | 0.124724
