Tiempos de ejecución para 80x80, 4 procesos MPI, 2 hilos OMP, 10 ns
Iteración | Serie | OMP Columnas | OMP Filas | OMP Bloques | MPI Columnas | MPI Filas | MPI Bloques | MPI+OMP Columnas | MPI+OMP Filas | MPI+OMP Bloques
1 | 0.236450 | 0.135405 | 0.147573 | 0.134670 | 0.066583 | 0.077264 | 0.074296 | 0.045439 | 0.049591 | 0.044524
2 | 0.240014 | 0.139208 | 0.147747 | 0.135095 | 0.071322 | 0.074949 | 0.072580 | 0.048215 | 0.048869 | 0.045114
3 | 0.237761 | 0.138300 | 0.148667 | 0.136494 | 0.068136 | 0.076276 | 0.074836 | 0.045859 | 0.051098 | 0.044624
4 | 0.243446 | 0.136418 | 0.148329 | 0.141863 | 0.065650 | 0.075482 | 0.072759 | 0.045632 | 0.051181 | 0.049311
5 | 0.240801 | 0.139751 | 0.148605 | 0.136664 | 0.066527 | 0.076741 | 0.073664 | 0.048290 | 0.047843 | 0.050761
6 | 0.236533 | 0.141680 | 0.148790 | 0.135114 | 0.065984 | 0.076412 | 0.073146 | 0.043594 | 0.049174 | 0.041098
7 | 0.239637 | 0.146104 | 0.147149 | 0.135086 | 0.065716 | 0.075649 | 0.073088 | 0.046710 | 0.046015 | 0.047606
8 | 0.245273 | 0.137014 | 0.147076 | 0.135930 | 0.065823 | 0.075659 | 0.073729 | 0.046742 | 0.043412 | 0.043534
9 | 0.244798 | 0.140338 | 0.148713 | 0.136321 | 0.065762 | 0.076557 | 0.073923 | 0.047983 | 0.054075 | 0.049535
10 | 0.247879 | 0.137626 | 0.151598 | 0.138377 | 0.066363 | 0.076478 | 0.073973 | 0.045932 | 0.052048 | 0.050998
