Tiempos de ejecución para 80x80, 4 procesos MPI, 16 hilos OMP, 50 ns
Iteración | Serie | OMP Columnas | OMP Filas | OMP Bloques | MPI Columnas | MPI Filas | MPI Bloques | MPI+OMP Columnas | MPI+OMP Filas | MPI+OMP Bloques
1 | 1.396610 | 0.851535 | 0.812818 | 0.775495 | 0.387988 | 0.437152 | 0.419091 | 0.243860 | 0.276505 | 0.260669
2 | 1.376354 | 0.792405 | 0.842513 | 0.860365 | 0.387860 | 0.442086 | 0.421288 | 0.227379 | 0.259965 | 0.246029
3 | 1.370380 | 0.857761 | 0.879070 | 0.893031 | 0.388147 | 0.442990 | 0.417503 | 0.218714 | 0.278217 | 0.246396
4 | 1.365187 | 0.833430 | 0.835385 | 0.853007 | 0.383518 | 0.433392 | 0.416592 | 0.229394 | 0.258657 | 0.256094
5 | 1.392369 | 0.868253 | 0.844255 | 0.876133 | 0.386211 | 0.440592 | 0.421702 | 0.239193 | 0.275978 | 0.259464
6 | 1.410785 | 0.851406 | 0.900715 | 0.833749 | 0.378849 | 0.434263 | 0.416805 | 0.232617 | 0.282105 | 0.258486
7 | 1.393443 | 0.839255 | 0.832484 | 0.835745 | 0.391953 | 0.447092 | 0.427802 | 0.232899 | 0.284985 | 0.241127
8 | 1.359485 | 0.852450 | 0.867541 | 0.872238 | 0.389946 | 0.444094 | 0.424123 | 0.229305 | 0.281551 | 0.241939
9 | 1.400577 | 0.863787 | 0.875823 | 0.875007 | 0.379981 | 0.436956 | 0.420493 | 0.234810 | 0.255463 | 0.252187
10 | 1.378149 | 0.877073 | 0.866947 | 0.868135 | 0.392095 | 0.446294 | 0.423986 | 0.234811 | 0.285476 | 0.252876
