Tiempos de ejecución para 640x640, 10 procesos MPI, 2 hilos OMP, 10 ns
Iteración | Serie | OMP Columnas | OMP Filas | OMP Bloques | MPI Columnas | MPI Filas | MPI Bloques | MPI+OMP Columnas | MPI+OMP Filas | MPI+OMP Bloques
1 | 21.010196 | 20.061237 | 20.886566 | 19.053705 | 4.690717 | 5.045368 | 4.958256 | 3.401317 | 3.252801 | 3.295330
2 | 21.746725 | 21.056817 | 20.588008 | 20.684323 | 4.442355 | 5.481720 | 5.348839 | 3.318773 | 3.674872 | 3.017568
3 | 21.219648 | 20.166434 | 20.631669 | 20.541452 | 4.413307 | 5.231723 | 5.046987 | 2.992968 | 3.153606 | 3.532409
4 | 20.673820 | 20.920950 | 20.163296 | 20.370402 | 4.992001 | 5.062216 | 5.890726 | 3.056429 | 3.230671 | 3.497339
5 | 21.087164 | 20.001266 | 20.959914 | 19.884213 | 4.331952 | 5.289998 | 5.228881 | 3.258835 | 3.628547 | 3.409517
6 | 20.644255 | 20.654391 | 20.160300 | 20.567741 | 4.762050 | 4.785618 | 5.494085 | 3.565921 | 3.174558 | 3.231802
7 | 32.970547 | 16.399232 | 20.150249 | 20.056610 | 4.320682 | 4.846075 | 5.872911 | 3.279389 | 3.363244 | 3.510113
8 | 21.036779 | 18.083305 | 16.125461 | 15.859599 | 4.673562 | 4.738034 | 5.626425 | 2.915323 | 3.193555 | 3.712209
9 | 32.802022 | 20.165952 | 20.317975 | 20.040444 | 4.959547 | 4.243701 | 4.191542 | 3.020134 | 3.618914 | 3.881645
10 | 20.533424 | 19.913625 | 20.264140 | 15.090962 | 4.199307 | 5.011722 | 5.374487 | 2.857325 | 3.178189 | 3.613840
