Tiempos de ejecución para 80x80, 2 procesos MPI, 16 hilos OMP, 50 ns
Iteración | Serie | OMP Columnas | OMP Filas | OMP Bloques | MPI Columnas | MPI Filas | MPI Bloques | MPI+OMP Columnas | MPI+OMP Filas | MPI+OMP Bloques
1 | 1.167173 | 1.126978 | 1.124866 | 1.127219 | 0.586162 | 0.649376 | 0.652656 | 0.571380 | 0.632592 | 0.629224
2 | 1.167561 | 1.123583 | 1.127262 | 1.126253 | 0.587390 | 0.652518 | 0.652356 | 0.569984 | 0.630645 | 0.630825
3 | 1.167695 | 1.127906 | 1.127226 | 1.130374 | 0.588195 | 0.654052 | 0.652778 | 0.569948 | 0.633782 | 0.629971
4 | 1.169170 | 1.129146 | 1.127084 | 1.127143 | 0.585661 | 0.652904 | 0.651670 | 0.570452 | 0.631040 | 0.628825
5 | 1.165049 | 1.126538 | 1.127054 | 1.128923 | 0.586697 | 0.653521 | 0.651233 | 0.571867 | 0.630083 | 0.628673
6 | 1.167720 | 1.127078 | 1.130507 | 1.129677 | 0.586327 | 0.651502 | 0.652497 | 0.570540 | 0.634152 | 0.627952
7 | 1.166823 | 1.125542 | 1.125460 | 1.124160 | 0.572257 | 0.636872 | 0.635864 | 0.567856 | 0.626006 | 0.625795
8 | 1.167260 | 1.125050 | 1.125441 | 1.128434 | 0.587246 | 0.649902 | 0.651074 | 0.571176 | 0.629376 | 0.628727
9 | 1.165298 | 1.128632 | 1.127098 | 1.125955 | 0.586252 | 0.649029 | 0.652177 | 0.571179 | 0.630555 | 0.631365
10 | 1.165027 | 1.125989 | 1.127970 | 1.126281 | 0.584979 | 0.649853 | 0.652079 | 0.572759 | 0.630282 | 0.628862
