Tiempos de ejecución para 80x80, 10 procesos MPI, 8 hilos OMP, 10 ns
Iteración | Serie | OMP Columnas | OMP Filas | OMP Bloques | MPI Columnas | MPI Filas | MPI Bloques | MPI+OMP Columnas | MPI+OMP Filas | MPI+OMP Bloques
1 | 0.275544 | 0.134236 | 0.147372 | 0.160996 | 0.063672 | 0.068245 | 0.072267 | 0.045349 | 0.046550 | 0.042344
2 | 0.284640 | 0.132890 | 0.145714 | 0.148423 | 0.065342 | 0.074838 | 0.066093 | 0.045609 | 0.043971 | 0.043276
3 | 0.472472 | 0.147172 | 0.150655 | 0.151766 | 0.063591 | 0.059795 | 0.056753 | 0.050435 | 0.043157 | 0.042197
4 | 0.270021 | 0.136468 | 0.148609 | 0.145085 | 0.061501 | 0.065363 | 0.072496 | 0.044964 | 0.043135 | 0.042679
5 | 0.460673 | 0.145757 | 0.140145 | 0.140966 | 0.068461 | 0.068640 | 0.073276 | 0.048376 | 0.043863 | 0.043445
6 | 0.283417 | 0.135773 | 0.151980 | 0.141667 | 0.067571 | 0.073256 | 0.075735 | 0.044730 | 0.041625 | 0.040848
7 | 0.470729 | 0.139950 | 0.136733 | 0.144259 | 0.064315 | 0.070381 | 0.074061 | 0.045204 | 0.042585 | 0.044857
8 | 0.268241 | 0.136260 | 0.154518 | 0.149993 | 0.065336 | 0.068491 | 0.078352 | 0.046560 | 0.041626 | 0.045403
9 | 0.293220 | 0.132130 | 0.133629 | 0.136303 | 0.064262 | 0.059788 | 0.062498 | 0.042457 | 0.042843 | 0.045801
10 | 0.286146 | 0.133836 | 0.146060 | 0.151694 | 0.061968 | 0.067398 | 0.075933 | 0.048086 | 0.041582 | 0.044251
