Tiempos de ejecución para 640x640, 4 procesos MPI, 8 hilos OMP, 10 ns
Iteración | Serie | OMP Columnas | OMP Filas | OMP Bloques | MPI Columnas | MPI Filas | MPI Bloques | MPI+OMP Columnas | MPI+OMP Filas | MPI+OMP Bloques
1 | 18.098350 | 10.208497 | 10.445917 | 10.463101 | 4.906255 | 5.711378 | 5.458918 | 2.966858 | 3.605128 | 3.521884
2 | 18.320945 | 10.345643 | 10.450784 | 10.541050 | 5.054810 | 5.744475 | 5.409236 | 2.997799 | 3.378130 | 3.458537
3 | 17.959770 | 10.426992 | 10.742132 | 10.469839 | 5.080607 | 5.903005 | 5.476525 | 2.991325 | 3.581134 | 3.461826
4 | 18.340908 | 10.363230 | 10.461095 | 10.554183 | 5.135180 | 5.838332 | 5.510881 | 3.002271 | 3.441966 | 3.465397
5 | 17.933092 | 10.519253 | 10.728523 | 11.086415 | 4.930513 | 5.673114 | 5.397287 | 3.003206 | 3.515174 | 3.492359
6 | 18.331621 | 10.613123 | 10.643450 | 10.661223 | 5.084020 | 5.819763 | 5.475940 | 2.909506 | 3.441465 | 3.434103
7 | 18.164039 | 10.357825 | 10.568673 | 10.433024 | 5.040456 | 5.739946 | 5.452614 | 2.904415 | 3.380700 | 3.406277
8 | 18.430815 | 10.386671 | 10.556588 | 10.528195 | 4.992532 | 5.665933 | 5.483340 | 2.966661 | 3.547052 | 3.292596
9 | 18.014239 | 10.500896 | 10.532467 | 10.600175 | 5.041388 | 5.671301 | 5.329480 | 2.970112 | 3.596494 | 3.527882
10 | 18.184699 | 10.540576 | 10.625663 | 11.072082 | 5.060137 | 5.733213 | 5.399469 | 2.935724 | 3.542806 | 3.417894
