Tiempos de ejecución para 80x80, 10 procesos MPI, 16 hilos OMP, 10 ns
Iteración | Serie | OMP Columnas | OMP Filas | OMP Bloques | MPI Columnas | MPI Filas | MPI Bloques | MPI+OMP Columnas | MPI+OMP Filas | MPI+OMP Bloques
1 | 0.286892 | 0.131840 | 0.137718 | 0.140876 | 0.065164 | 0.070353 | 0.074712 | 0.047720 | 0.041265 | 0.041679
2 | 0.466710 | 0.154562 | 0.145257 | 0.150340 | 0.064671 | 0.069226 | 0.073328 | 0.047356 | 0.040541 | 0.046799
3 | 0.300131 | 0.134617 | 0.141236 | 0.147473 | 0.066614 | 0.072352 | 0.064963 | 0.050805 | 0.046814 | 0.046413
4 | 0.284845 | 0.148290 | 0.148130 | 0.151376 | 0.065413 | 0.070926 | 0.076529 | 0.054490 | 0.044511 | 0.047525
5 | 0.294727 | 0.142329 | 0.149816 | 0.137993 | 0.066920 | 0.070156 | 0.073184 | 0.050848 | 0.040414 | 0.044737
6 | 0.291445 | 0.148600 | 0.142212 | 0.148683 | 0.062126 | 0.071247 | 0.077700 | 0.051473 | 0.039994 | 0.041756
7 | 0.479083 | 0.148359 | 0.148915 | 0.149396 | 0.065546 | 0.074298 | 0.078998 | 0.045230 | 0.044006 | 0.046072
8 | 0.455450 | 0.148135 | 0.150027 | 0.140243 | 0.064079 | 0.066516 | 0.071215 | 0.052713 | 0.047165 | 0.045536
9 | 0.314652 | 0.142390 | 0.145812 | 0.154295 | 0.064463 | 0.066735 | 0.072272 | 0.053494 | 0.048782 | 0.044819
10 | 0.286368 | 0.136042 | 0.135977 | 0.138174 | 0.068791 | 0.073872 | 0.066866 | 0.055014 | 0.043997 | 0.046440
