Tiempos de ejecución para 80x80, 2 procesos MPI, 2 hilos OMP, 10 ns
Iteración | Serie | OMP Columnas | OMP Filas | OMP Bloques | MPI Columnas | MPI Filas | MPI Bloques | MPI+OMP Columnas | MPI+OMP Filas | MPI+OMP Bloques
1 | 0.226574 | 0.212196 | 0.215675 | 0.211170 | 0.110719 | 0.123926 | 0.124365 | 0.107552 | 0.118399 | 0.119138
2 | 0.224476 | 0.213414 | 0.218820 | 0.218218 | 0.113757 | 0.125265 | 0.123901 | 0.110753 | 0.124501 | 0.124485
3 | 0.224467 | 0.217461 | 0.221579 | 0.219756 | 0.112460 | 0.124396 | 0.123992 | 0.111755 | 0.123503 | 0.123023
4 | 0.223404 | 0.218026 | 0.225009 | 0.214568 | 0.110781 | 0.122705 | 0.125233 | 0.111513 | 0.123902 | 0.122246
5 | 0.224575 | 0.219301 | 0.221754 | 0.220275 | 0.114076 | 0.124946 | 0.123049 | 0.111275 | 0.123787 | 0.123618
6 | 0.225181 | 0.219003 | 0.221678 | 0.220011 | 0.113507 | 0.124295 | 0.124668 | 0.111825 | 0.124664 | 0.123060
7 | 0.221345 | 0.221062 | 0.222274 | 0.220876 | 0.114295 | 0.128263 | 0.128139 | 0.111647 | 0.124450 | 0.124378
8 | 0.224294 | 0.219968 | 0.222405 | 0.221419 | 0.115125 | 0.129649 | 0.127317 | 0.112676 | 0.124170 | 0.124208
9 | 0.223970 | 0.222012 | 0.223977 | 0.222811 | 0.114857 | 0.129188 | 0.128487 | 0.112482 | 0.124031 | 0.124036
10 | 0.222587 | 0.221007 | 0.224168 | 0.222826 | 0.115305 | 0.129548 | 0.128073 | 0.112504 | 0.124852 | 0.124701
