Tiempos de ejecución para 80x80, 10 procesos MPI, 2 hilos OMP, 10 ns
Iteración | Serie | OMP Columnas | OMP Filas | OMP Bloques | MPI Columnas | MPI Filas | MPI Bloques | MPI+OMP Columnas | MPI+OMP Filas | MPI+OMP Bloques
1 | 0.435294 | 0.257264 | 0.278860 | 0.267301 | 0.063937 | 0.070232 | 0.065049 | 0.046861 | 0.047501 | 0.048196
2 | 0.274502 | 0.260829 | 0.262678 | 0.262240 | 0.059582 | 0.063904 | 0.068493 | 0.050733 | 0.055654 | 0.052833
3 | 0.285299 | 0.255422 | 0.261758 | 0.260280 | 0.063337 | 0.069534 | 0.075279 | 0.046815 | 0.060319 | 0.050355
4 | 0.276467 | 0.261642 | 0.264001 | 0.262923 | 0.065734 | 0.068790 | 0.069383 | 0.054210 | 0.047751 | 0.051137
5 | 0.282909 | 0.261881 | 0.264516 | 0.261779 | 0.067080 | 0.071774 | 0.072091 | 0.051210 | 0.056306 | 0.055344
6 | 0.456062 | 0.258728 | 0.292263 | 0.260975 | 0.064777 | 0.072443 | 0.065557 | 0.046837 | 0.047790 | 0.042254
7 | 0.282447 | 0.265856 | 0.268007 | 0.264784 | 0.065231 | 0.069712 | 0.073945 | 0.049480 | 0.045249 | 0.046113
8 | 0.452656 | 0.266691 | 0.288438 | 0.268573 | 0.055853 | 0.051162 | 0.061465 | 0.045453 | 0.048960 | 0.041403
9 | 0.280852 | 0.264686 | 0.268371 | 0.265851 | 0.062985 | 0.069626 | 0.073785 | 0.056782 | 0.047349 | 0.045292
10 | 0.287279 | 0.269098 | 0.271620 | 0.269383 | 0.071431 | 0.072916 | 0.070798 | 0.064425 | 0.055554 | 0.051527
