Tiempos de ejecución para 80x80, 4 procesos MPI, 8 hilos OMP, 50 ns
Iteración | Serie | OMP Columnas | OMP Filas | OMP Bloques | MPI Columnas | MPI Filas | MPI Bloques | MPI+OMP Columnas | MPI+OMP Filas | MPI+OMP Bloques
1 | 1.317692 | 0.735347 | 0.763892 | 0.768926 | 0.368418 | 0.415906 | 0.398571 | 0.213723 | 0.251914 | 0.248118
2 | 1.323269 | 0.774779 | 0.791565 | 0.752415 | 0.375780 | 0.431616 | 0.408915 | 0.210201 | 0.260255 | 0.229962
3 | 1.352249 | 0.732060 | 0.770565 | 0.774191 | 0.367723 | 0.418826 | 0.404260 | 0.220977 | 0.274081 | 0.245844
4 | 1.340254 | 0.777189 | 0.755567 | 0.763723 | 0.373874 | 0.425053 | 0.405094 | 0.222108 | 0.256699 | 0.242257
5 | 1.329842 | 0.776259 | 0.764592 | 0.787231 | 0.364097 | 0.434969 | 0.409993 | 0.227607 | 0.249455 | 0.249963
6 | 1.356729 | 0.785237 | 0.781424 | 0.798814 | 0.384880 | 0.439085 | 0.418558 | 0.231221 | 0.261172 | 0.246848
7 | 1.392634 | 0.769806 | 0.778775 | 0.788137 | 0.382745 | 0.435696 | 0.410558 | 0.220639 | 0.257151 | 0.253291
8 | 1.354360 | 0.750626 | 0.751236 | 0.798626 | 0.383453 | 0.437522 | 0.418618 | 0.218587 | 0.270316 | 0.256704
9 | 1.376253 | 0.791792 | 0.787857 | 0.810963 | 0.382720 | 0.438370 | 0.420890 | 0.225411 | 0.262645 | 0.255694
10 | 1.400848 | 0.800295 | 0.797590 | 0.816399 | 0.392030 | 0.423564 | 0.405964 | 0.214484 | 0.269936 | 0.245749
