Tiempos de ejecución para 640x640, 4 procesos MPI, 16 hilos OMP, 10 ns
Iteración | Serie | OMP Columnas | OMP Filas | OMP Bloques | MPI Columnas | MPI Filas | MPI Bloques | MPI+OMP Columnas | MPI+OMP Filas | MPI+OMP Bloques
1 | 18.839101 | 11.717848 | 11.590746 | 12.182756 | 5.123336 | 5.856800 | 5.553169 | 3.007735 | 3.714832 | 3.445267
2 | 18.490529 | 11.914785 | 12.093913 | 11.903765 | 5.104989 | 5.662503 | 5.342841 | 2.954531 | 3.598895 | 3.501507
3 | 18.343818 | 11.536633 | 12.296265 | 12.824028 | 5.087808 | 5.744858 | 5.342726 | 2.962360 | 3.531421 | 3.468413
4 | 18.600451 | 11.800256 | 11.903265 | 12.002598 | 5.069676 | 5.822878 | 5.499102 | 2.961312 | 3.399763 | 3.640192
5 | 18.670424 | 11.653224 | 12.105966 | 12.146634 | 5.101289 | 5.696203 | 5.386191 | 3.107923 | 3.346067 | 3.549698
6 | 18.629633 | 11.423089 | 12.102307 | 12.665811 | 5.111475 | 5.697241 | 5.358163 | 2.961073 | 3.620577 | 3.376209
7 | 18.194860 | 11.522434 | 12.158226 | 11.827327 | 4.897189 | 5.605388 | 5.408604 | 3.030572 | 3.782843 | 3.443830
8 | 18.785384 | 11.668865 | 11.947304 | 11.785227 | 5.108722 | 5.886339 | 5.369851 | 2.947570 | 3.555665 | 3.595296
9 | 17.820810 | 11.553819 | 11.945581 | 12.521421 | 5.196573 | 5.886003 | 5.526088 | 2.974925 | 3.459816 | 3.603362
10 | 18.319544 | 11.915191 | 11.451431 | 11.659455 | 5.330571 | 5.782075 | 5.465399 | 3.000062 | 3.545543 | 3.544518
